"","edge","mean","pattern"
"1",0.610396,0.133452,-6.788438
"2",0.671659,0.091367,-0.778433
"3",0.582386,0.152816,26.879388
"4",0.56846,0.129144,-17.230789
"5",0.624695,0.100848,-3.43366
"6",0.659871,0.092046,-4.982267
"7",0.576959,0.162332,-26.251109
"8",0.642793,0.201749,-23.123251
"9",0.676404,0.142888,-21.773953
"10",0.550447,0.152085,-11.616329
"11",0.589645,0.104652,26.792422
"12",0.629511,0.097057,1.645596
"13",0.565559,0.13721,-17.128232
"14",0.679763,0.143711,12.670334
"15",0.583575,0.143496,15.449902
"16",0.531355,0.161294,-27.007141
"17",0.620599,0.099594,18.18529
"18",0.53561,0.111833,23.296147
"19",0.638221,0.148881,-14.695611
"20",0.604798,0.129705,4.411249
"21",0.637846,0.125971,12.28529
"22",0.660039,0.115161,-2.703751
"23",0.55716,0.132907,25.309217
"24",0.643259,0.159175,-30.7558
"25",0.638151,0.201723,-26.311561
"26",0.503426,0.128156,6.639654
"27",0.470278,0.127771,-1.69654
"28",0.631687,0.197385,-47.97707
"29",0.656982,0.100642,10.547427
"30",0.777594,0.113333,-16.222497
"31",0.694504,0.160952,-9.603655
"32",0.68812,0.112656,-4.560813
"33",0.76503,0.099276,2.252911
"34",0.642747,0.095956,-7.461543
"35",0.593386,0.147635,-36.961909
"36",0.660944,0.093189,-3.54638
"37",0.625426,0.128718,14.17529
"38",0.602492,0.107537,-6.004804
"39",0.62711,0.089413,26.354466
"40",0.636829,0.12998,-15.933303
"41",0.532704,0.120386,-0.050741
"42",0.738141,0.085614,-7.825398
"43",0.542484,0.089211,12.681174
"44",0.459722,0.123518,-2.401315
"45",0.668935,0.075712,-13.257602
"46",0.598131,0.108108,-12.915924
"47",0.785888,0.105439,0.218653
"48",0.563101,0.149835,-0.388327
"49",0.573266,0.124217,23.310954
"50",0.674079,0.10983,-7.364362
"51",0.648436,0.089211,7.200638
"52",0.750408,0.127353,-41.22215
"53",0.781821,0.153609,34.139434
"54",0.585935,0.108984,-4.880961
"55",0.807782,0.144136,12.853149
"56",0.663508,0.106348,8.841543
"57",0.687785,0.100881,8.113853
"58",0.608228,0.129071,-17.233912
"59",0.622811,0.113944,-5.971665
"60",0.85495,0.119757,-13.560124
"61",0.604134,0.094105,-10.382979
"62",0.610667,0.085509,-1.495072
"63",0.657815,0.137768,10.817652
"64",0.669183,0.116837,-12.606616
"65",0.610285,0.150491,-34.159936
"66",0.624337,0.099732,-2.184126
"67",0.642857,0.125356,24.536538
"68",0.74954,0.116953,5.763762
"69",0.669725,0.099033,17.275844
"70",0.57228,0.155088,0.297537
"71",0.619142,0.126689,23.369253
"72",0.853755,0.088741,11.246599
"73",0.755522,0.131317,9.265843
"74",0.58135,0.128818,-30.000668
"75",0.55067,0.119804,-28.087517
"76",0.670511,0.104743,2.735962
"77",0.642226,0.098684,6.313829
"78",0.61882,0.082375,1.241396
"79",0.571013,0.082616,8.347049
"80",0.633662,0.113851,2.418587
"81",0.854053,0.109494,-19.74935
"82",0.636714,0.127597,21.355327
"83",0.647937,0.115261,-16.093543
"84",0.660116,0.090656,-8.173137
"85",0.591131,0.097469,7.451083
"86",0.875977,0.13125,16.39343
"87",0.681278,0.116757,1.518725
"88",0.609427,0.114553,-16.55598
"89",0.567309,0.192704,85.252523
"90",0.722358,0.079579,-0.792861
"91",0.635666,0.093359,-22.445115
"92",0.583044,0.16707,0.622345
"93",0.684974,0.100519,7.297616
"94",0.598793,0.125505,-12.840038
"95",0.815859,0.099738,2.081927
"96",0.616869,0.117051,7.962411
"97",0.657497,0.123199,4.132911
"98",0.646708,0.128042,4.561433
"99",0.628414,0.09148,-6.937498
"100",0.588819,0.123387,19.461619
"101",0.748145,0.089754,-1.500019
"102",0.514473,0.133402,-40.121537
"103",0.649668,0.110558,5.015337
"104",0.578746,0.198835,24.734243
"105",0.556907,0.164359,-37.82806
"106",0.574703,0.117625,45.963363
"107",0.80097,0.140765,14.68267
"108",0.683581,0.108253,-11.912219
"109",0.574584,0.122194,20.621671
"110",0.575312,0.132421,-23.552422
"111",0.594214,0.117357,-1.630557
"112",0.884938,0.114468,9.717161
"113",0.560993,0.10169,-5.464168
"114",0.667149,0.107755,3.2112
"115",0.567548,0.116095,7.308825
"116",0.569001,0.147384,14.433871
"117",0.619732,0.091379,1.860509
"118",0.573741,0.12882,-2.619739
"119",0.636774,0.135216,30.943148
"120",0.591056,0.110187,-4.567421
"121",0.559977,0.123786,-13.616924
"122",0.624567,0.122103,18.29181
"123",0.622138,0.118702,-34.611122
"124",0.539713,0.108723,-20.047308
"125",0.587264,0.128345,15.656791
"126",0.594474,0.08182,7.35348
"127",0.595729,0.087915,1.140436
"128",0.62992,0.109265,2.417288
"129",0.761303,0.151268,-24.861459
"130",0.687332,0.101097,-2.186425
"131",0.629096,0.098293,-11.291605
"132",0.762596,0.140343,-1.283964
"133",0.460233,0.161538,-50.631931
"134",0.688511,0.140335,21.477404
"135",0.571595,0.093326,14.520491
"136",0.606089,0.14809,-29.399986
"137",0.584403,0.15801,-10.272692
"138",0.640286,0.140209,-34.900768
"139",0.735295,0.126804,-5.728476
"140",0.55967,0.159166,23.848352
"141",0.910497,0.111959,-9.78252
"142",0.567515,0.128445,-24.506598
"143",0.770051,0.1898,-27.755731
"144",0.558397,0.10344,36.578078
"145",0.714627,0.120545,-7.300632
"146",0.650314,0.11241,10.94959
"147",0.541953,0.095742,22.235201
"148",0.786791,0.131514,-8.795439
"149",0.80148,0.099135,5.083227
"150",0.619126,0.161689,-36.833109
"151",0.568203,0.102781,-24.655813
"152",0.6485,0.123906,1.436281
"153",0.608141,0.134205,-37.170807
"154",0.615949,0.110615,25.536715
"155",0.591786,0.08655,-6.388565
"156",0.516376,0.14468,25.98506
"157",0.547692,0.132,0.652582
"158",0.572288,0.105086,11.554586
"159",0.76028,0.102564,-4.330085
"160",0.655913,0.078416,6.414827
"161",0.577011,0.124278,13.434743
"162",0.607797,0.122924,0.910492
"163",0.596284,0.112855,21.846703
"164",0.595102,0.207689,-66.033797
"165",0.67636,0.10485,-5.769085
"166",0.715168,0.183409,5.251631
"167",0.587455,0.12233,-23.750514
"168",0.654248,0.075631,-18.763177
"169",0.563348,0.121073,10.195111
"170",0.608545,0.09318,11.592611
"171",0.579912,0.114776,-10.696399
"172",0.588008,0.099862,8.972109
"173",0.517164,0.146617,-52.737817
"174",0.764572,0.127918,-0.652269
"175",0.656644,0.099675,-3.929417
"176",0.715587,0.1037,0.896717
"177",0.781113,0.118713,7.296711
"178",0.727615,0.111521,-6.278912
"179",0.945422,0.109554,4.759979
"180",0.55855,0.089666,-1.158704
"181",0.66431,0.127313,-15.06518
"182",0.666973,0.076421,-3.181594
"183",0.665238,0.105544,0.885375
"184",0.622286,0.143509,-4.753683
"185",0.614107,0.125891,14.274984
"186",0.530195,0.087563,14.895721
"187",0.597133,0.163089,2.838874
"188",0.740806,0.129532,-3.161876
"189",0.920341,0.110336,-3.005697
"190",0.664659,0.113794,1.655931
"191",0.549012,0.208948,-2.199107
"192",0.602302,0.099071,-11.762181
"193",0.742726,0.11825,-3.170656
"194",0.669253,0.085045,5.112835
"195",0.583226,0.109644,15.503474
"196",0.587984,0.101434,1.700904
"197",0.700948,0.10581,8.814714
"198",0.590344,0.135713,-26.700279
"199",0.640193,0.084555,-7.801053
"200",0.576432,0.127128,3.069833
"201",0.694758,0.084707,-1.241983
"202",0.610838,0.114064,2.390944
"203",0.592381,0.115814,-26.133095
"204",0.577443,0.116383,-1.668861
"205",0.628234,0.122828,14.738289
"206",0.79362,0.097798,5.234067
"207",0.708836,0.099123,7.915809
"208",0.494955,0.115126,14.536765
"209",0.55142,0.099847,-16.648612
"210",0.840857,0.112495,11.797368
"211",0.780681,0.123839,0.489685
"212",0.701578,0.111938,5.418335
"213",0.744305,0.096757,-8.351234
"214",0.566648,0.170364,-22.759789
"215",0.615486,0.108407,-10.80261
"216",0.617805,0.11678,12.126781
"217",0.602936,0.112727,11.979421
"218",0.562756,0.106801,-1.147343
"219",0.600686,0.101729,-6.320168
"220",0.671302,0.107713,-11.267887
"221",0.916836,0.106603,9.402795
"222",0.56176,0.12181,15.568895
"223",0.618969,0.109457,19.858318
"224",0.664197,0.148726,-11.749319
"225",0.576486,0.122558,6.169192
"226",0.581684,0.125524,-0.054825
"227",0.582096,0.101748,16.027246
"228",0.773859,0.116761,3.672898
"229",0.753669,0.096352,6.704523
"230",0.592584,0.142761,7.33905
"231",0.667174,0.150077,-2.76063
"232",0.611145,0.119619,8.657645
"233",0.624861,0.12245,-18.314105
"234",0.802959,0.109302,12.631724
"235",0.571899,0.114307,-5.702128
"236",0.523082,0.104977,2.678758
"237",0.69265,0.148151,2.290145
"238",0.657239,0.141116,11.479312
"239",0.555781,0.107453,-4.379801
"240",0.597674,0.11289,0.537172
"241",0.636031,0.129745,16.399274
"242",0.542264,0.124765,5.214637
"243",0.663744,0.105333,-4.950751
"244",0.614324,0.153134,-18.625352
"245",0.693856,0.098948,0.110159
"246",0.632133,0.137548,9.590698
"247",0.580495,0.118474,14.131096
"248",0.722204,0.127434,12.474133
"249",0.458766,0.087275,-0.397148
"250",0.56375,0.099114,-22.70511
"251",0.623158,0.121237,6.551639
"252",0.691091,0.110142,19.292711
"253",0.75686,0.133597,-0.664392
"254",0.596923,0.125609,-6.755018
"255",0.657886,0.126367,5.041612
"256",0.745844,0.103218,9.545178
"257",0.624646,0.141284,-14.887474
"258",0.646234,0.158568,10.484523
"259",0.742248,0.192803,18.178026
"260",0.631975,0.119454,19.464611
"261",0.611446,0.100144,-5.538627
"262",0.732317,0.122661,6.759879
"263",0.611866,0.121509,-7.764404
"264",0.581813,0.116845,8.088822
"265",0.586879,0.125096,3.276549
"266",0.583894,0.170891,8.873094
"267",0.62249,0.130605,7.021905
"268",0.417173,0.142598,-14.820204
"269",0.702501,0.128743,-10.225463
"270",0.800533,0.128608,-0.982488
"271",0.633026,0.181013,41.820585
"272",0.671169,0.130194,9.518543
"273",0.576687,0.12763,-1.755057
"274",0.570661,0.10916,13.314915
"275",0.595946,0.126369,-13.414973
"276",0.592853,0.157195,-55.402631
"277",0.76525,0.127643,-5.688558
"278",0.6087,0.155519,27.945548
"279",0.589541,0.163778,-8.020252
"280",0.611907,0.080791,10.118726
"281",0.591555,0.08564,-14.938331
"282",0.602485,0.102378,-20.50039
"283",0.807395,0.120384,-6.907149
"284",0.560318,0.141469,25.287806
"285",0.731682,0.146271,19.388642
"286",0.776143,0.190542,-28.592758
"287",0.720746,0.112791,3.962504
"288",0.649103,0.132773,-9.000694
"289",0.563867,0.115445,-29.37672
"290",0.631947,0.102817,6.110434
"291",0.669912,0.122934,10.537318
"292",0.604429,0.134637,-10.243498
"293",0.66414,0.111434,8.894875
"294",0.789297,0.181702,-38.021436
"295",0.919923,0.112887,-15.022763
"296",0.587122,0.122634,15.78974
"297",0.683878,0.164111,17.340654
"298",0.681529,0.124557,-22.143588
"299",0.645743,0.136916,-35.497242
"300",0.688283,0.161483,-8.121359
"301",0.621218,0.13406,-18.367903
"302",0.846704,0.133574,24.04128
"303",0.603682,0.146634,-18.160666
"304",0.680512,0.15934,-30.041138
"305",0.55107,0.177123,-15.593741
"306",0.569104,0.11085,2.465954
"307",0.709939,0.105508,5.381455
"308",0.670129,0.108998,-30.683034
"309",0.614993,0.120402,-0.235219
"310",0.592536,0.124809,10.690336
"311",0.654178,0.135718,-8.960692
"312",0.707942,0.124566,-18.118623
"313",0.665709,0.100747,1.387843
"314",0.859552,0.1293,-3.682458
"315",0.739138,0.14216,14.085269
"316",0.610699,0.113477,-15.237592
"317",0.614502,0.124848,5.709701
"318",0.723173,0.089923,5.699848
"319",0.676776,0.147037,26.714036
"320",0.624929,0.113076,-12.870925
"321",0.632181,0.098415,-12.426585
"322",0.580472,0.143281,-28.875239
"323",0.6931,0.163563,22.31342
"324",0.677972,0.141747,14.272419
"325",0.681799,0.108425,4.045788
"326",0.663945,0.157087,-0.902015
"327",0.569502,0.117468,-15.471569
"328",0.642308,0.103277,-8.773374
"329",0.637693,0.155855,47.916934
"330",0.609998,0.151831,2.405412
"331",0.628925,0.084892,4.210845
"332",0.666737,0.113154,14.747846
"333",0.621243,0.118569,-0.241944
"334",0.635932,0.179121,-40.766804
"335",0.744996,0.101373,-3.975295
"336",0.580205,0.156045,-0.546562
"337",0.644366,0.128418,25.526722
"338",0.6002,0.146714,-3.9094
"339",0.51513,0.117106,-15.572954
"340",0.681176,0.140513,-34.175485
"341",0.691642,0.092036,11.358232
"342",0.663914,0.120581,-9.45056
"343",0.584962,0.107884,31.233822
"344",0.641185,0.117586,8.254645
"345",0.63355,0.089425,-22.336946
"346",0.689718,0.115575,-3.49888
"347",0.634272,0.108221,-14.430021
"348",0.694117,0.091327,-8.106936
"349",0.823145,0.13728,-8.656525
"350",0.594784,0.092428,-17.131465
"351",0.78817,0.13991,-26.884667
"352",0.533483,0.117781,-20.804216
"353",0.664509,0.098717,-16.806034
"354",0.668125,0.158396,15.446427
"355",0.589266,0.125154,-23.819944
"356",0.534734,0.139872,19.625811
"357",0.612326,0.12053,-10.389436
"358",0.703118,0.117073,6.679783
"359",0.611774,0.142954,-3.561146
"360",0.561343,0.1263,-30.747689
"361",0.572417,0.127762,-23.253593
"362",0.725692,0.099333,7.590807
"363",0.65955,0.125277,-30.188887
"364",0.644526,0.107379,8.828707
"365",0.61933,0.114088,-2.756176
"366",0.641548,0.120372,-13.628901
"367",0.637496,0.106989,0.878372
"368",0.692806,0.108234,-9.921826
"369",0.649816,0.12014,3.47047
"370",0.542036,0.180661,10.947722
"371",0.710027,0.106432,-12.968409
"372",0.553461,0.13217,17.586705
"373",0.550981,0.112904,6.671651
"374",0.607079,0.129123,-6.811334
"375",0.582695,0.121796,7.416359
"376",0.67668,0.116148,-10.927296
"377",0.794127,0.089996,-16.163021
"378",0.65712,0.119392,2.198667
"379",0.663548,0.18939,42.181443
"380",0.587555,0.102371,-25.789127
"381",0.568254,0.117748,15.595236
"382",0.506546,0.12222,28.531601
"383",0.552889,0.096721,-8.099519
"384",0.814944,0.106596,-7.083478
"385",0.608882,0.122011,-13.673291
"386",0.575771,0.115709,-1.886731
"387",0.571158,0.115809,2.60931
"388",0.613282,0.118562,7.439418
"389",0.601204,0.125478,-20.997792
"390",0.763955,0.119848,-9.971865
"391",0.717773,0.152217,6.602649
"392",0.637541,0.114821,-11.594506
"393",0.541199,0.096103,-0.736282
"394",0.709475,0.098282,2.825657
"395",0.563325,0.10711,17.432577
"396",0.679531,0.104246,-6.784282
"397",0.661674,0.144406,-1.308639
"398",0.770109,0.108642,2.506297
"399",0.486609,0.10854,20.624121
"400",0.689838,0.107208,-2.232476
"401",0.592772,0.103503,-2.301367
"402",0.534026,0.160834,41.475927
"403",0.574522,0.118275,-3.886433
"404",0.617086,0.147925,32.334623
"405",0.638336,0.104415,-1.441223
"406",0.583201,0.126342,-26.475123
"407",0.716264,0.113983,-18.572834
"408",0.571094,0.076386,-11.674647
"409",0.596929,0.096541,17.000164
"410",0.541951,0.126665,-10.043828
"411",0.619969,0.124901,-22.466579
"412",0.635034,0.181644,13.867222
"413",0.628832,0.088077,-6.875933
"414",0.613994,0.069803,13.353521
"415",0.62734,0.131184,0.416164
"416",0.609727,0.113877,16.453216
"417",0.623944,0.16319,15.333767
"418",0.633746,0.173179,16.505999
"419",0.825469,0.090783,-8.022278
"420",0.602017,0.104334,12.371553
"421",0.605004,0.094048,11.75555
"422",0.579596,0.098604,6.44055
"423",0.526448,0.097973,6.787918
"424",0.623875,0.101885,1.656579
"425",0.576721,0.102961,-2.576059
"426",0.499541,0.104016,-22.391903
"427",0.58714,0.110917,21.83281
"428",0.734463,0.100823,10.637254
"429",0.606004,0.121424,28.227515
"430",0.633803,0.099563,14.462556
"431",0.607665,0.113223,-13.159506
"432",0.79525,0.121229,-16.702169
"433",0.578959,0.146114,31.542925
"434",0.628353,0.116687,-12.887998
"435",0.700737,0.114988,2.964894
"436",0.576921,0.110886,-12.720438
"437",0.670076,0.138879,17.494847
"438",0.578377,0.117884,9.583711
"439",0.685777,0.125645,6.031994
"440",0.57635,0.089396,16.859031
"441",0.627069,0.099859,-11.522387
"442",0.620455,0.099591,5.830173
"443",0.531979,0.081281,7.432938
"444",0.627319,0.070598,-11.335153
"445",0.622843,0.129336,14.280924
"446",0.685698,0.144597,18.995687
"447",0.598057,0.12768,-4.518756
"448",0.886387,0.09699,2.497569
"449",0.670898,0.107583,-6.694146
"450",0.505636,0.110806,8.9774
"451",0.619229,0.174022,46.831009
"452",0.576823,0.088631,8.389357
"453",0.574621,0.115388,-28.412959
"454",0.606058,0.1123,21.709413
"455",0.602699,0.139276,27.424737
"456",0.630173,0.105601,-10.589169
"457",0.65438,0.11322,-14.708351
"458",0.567051,0.120608,1.881398
"459",0.681348,0.103998,4.366187
"460",0.596063,0.118452,-28.064486
"461",0.502858,0.103797,-14.310514
"462",0.519868,0.093067,8.818255
"463",0.676625,0.114515,21.478828
"464",0.573071,0.127168,-36.628034
"465",0.537359,0.081165,-18.920054
"466",0.603547,0.110157,-7.250422
"467",0.711458,0.119855,5.873889
"468",0.640334,0.112285,-6.251655
"469",0.556668,0.150283,-36.100063
"470",0.678021,0.102687,-19.329039
"471",0.69571,0.124533,6.621517
"472",0.543984,0.092566,0.840933
"473",0.685182,0.110199,10.238381
"474",0.625387,0.127909,-2.220161
"475",0.676392,0.110625,7.966582
"476",0.574928,0.147315,-14.186802
"477",0.567965,0.119527,-22.679769
"478",0.638511,0.136237,-0.991252
"479",0.486031,0.160187,30.556509
"480",0.614888,0.107786,-12.976648
"481",0.623644,0.107835,5.371616
"482",0.628677,0.094821,13.690856
"483",0.537739,0.187063,21.481465
"484",0.522569,0.181628,17.654657
"485",0.64315,0.101698,-18.391289
"486",0.640402,0.112543,8.83396
"487",0.5527,0.128158,-15.937592
"488",0.583787,0.131223,2.865184
"489",0.646969,0.1171,-0.586705
"490",0.628331,0.126491,-6.634348
"491",0.647686,0.132494,11.655906
"492",0.696809,0.120574,6.132111
"493",0.533706,0.168646,-18.698023
"494",0.668001,0.121582,-2.396526
"495",0.573078,0.122629,-2.572345
"496",0.614882,0.137176,-30.116704
"497",0.689514,0.087167,-5.342218
"498",0.595314,0.082526,15.781953
"499",0.879176,0.105238,-3.339169
"500",0.633972,0.12198,-11.728446
"501",0.630711,0.108656,18.031135
"502",0.593404,0.116758,-22.223887
"503",0.619837,0.094092,7.532952
"504",0.696805,0.139282,5.557385
"505",0.554122,0.164577,-52.62441
"506",0.661992,0.105369,7.136383
"507",0.542982,0.113033,-18.513059
"508",0.63623,0.125862,11.390469
"509",0.641515,0.089283,-12.965828
"510",0.629236,0.162314,-0.970182
"511",0.51923,0.091216,-12.204779
"512",0.805156,0.166803,5.482515
"513",0.834378,0.075369,-3.243773
"514",0.556088,0.140482,-8.525251
"515",0.895268,0.091572,6.863195
"516",0.599789,0.131805,24.96203
"517",0.614893,0.104719,0.132803
"518",0.527897,0.119882,5.299311
"519",0.592297,0.104487,-2.823796
"520",0.66414,0.176523,-33.989268
"521",0.668086,0.167261,5.355183
"522",0.854817,0.099864,-11.259729
"523",0.681048,0.110397,1.966576
"524",0.578603,0.22831,46.000693
"525",0.651429,0.144449,29.069696
"526",0.599396,0.123892,-8.260702
"527",0.810506,0.103635,-6.358524
"528",0.599111,0.121468,-3.759304
"529",0.57586,0.184777,-9.876727
"530",0.592735,0.133562,-10.999952
"531",0.58135,0.111207,21.840091
"532",0.618362,0.101588,-10.557474
"533",0.772243,0.117521,7.26285
"534",0.602109,0.096566,-17.567881
"535",0.787877,0.108381,21.744865
"536",0.624053,0.096782,0.163115
"537",0.489492,0.156344,-12.734073
"538",0.638108,0.118711,16.185614
"539",0.705872,0.100769,6.35646
"540",0.660105,0.112656,16.173541
"541",0.612444,0.130301,-5.885424
"542",0.53193,0.087176,-8.32594
"543",0.622621,0.101524,-7.491507
"544",0.590709,0.10815,-9.577232
"545",0.776201,0.089597,-8.830177
"546",0.779343,0.080105,1.513851
"547",0.628316,0.107249,-2.376442
"548",0.530385,0.133982,-4.307323
"549",0.693753,0.103321,-20.296983
"550",0.679442,0.138975,-3.619293
"551",0.767166,0.123911,-7.320038
"552",0.797265,0.135502,-1.582427
"553",0.612241,0.105834,2.420611
"554",0.665965,0.115986,6.67479
"555",0.633272,0.090135,3.544027
"556",0.603871,0.114285,4.396182
"557",0.676724,0.113253,5.011282
"558",0.55706,0.113457,-9.540933
"559",0.698737,0.159558,3.443184
"560",0.595788,0.156314,-44.661449
"561",0.683667,0.119106,-2.011191
"562",0.663628,0.104808,-5.996414
"563",0.571515,0.131482,31.560273
"564",0.597397,0.100661,0.222583
"565",0.636552,0.116875,11.456513
"566",0.635997,0.115383,3.746872
"567",0.481358,0.145925,-7.135978
"568",0.679549,0.181718,3.00062
"569",0.627319,0.134981,3.014097
"570",0.70463,0.1226,13.457141
"571",0.809232,0.141987,-0.681966
"572",0.561786,0.155164,2.822343
"573",0.651595,0.185389,16.833423
"574",0.61586,0.099942,-8.069001
"575",0.626504,0.084435,-8.049058
"576",0.551325,0.092348,-9.844531
"577",0.665209,0.112138,-6.569905
"578",0.604872,0.13176,-19.13845
"579",0.617339,0.139371,11.404539
"580",0.669008,0.162401,-4.129525
"581",0.866068,0.129296,1.926995
"582",0.49838,0.146548,-43.402549
"583",0.569429,0.129185,27.747806
"584",0.551163,0.128311,-12.515079
"585",0.685153,0.100447,0.354577
"586",0.552477,0.112329,-16.262144
"587",0.580538,0.092521,15.720838
"588",0.601178,0.095665,10.565221
"589",0.649432,0.095934,-7.946701
"590",0.597481,0.140482,-17.992226
"591",0.764164,0.094909,5.739326
"592",0.56905,0.101313,10.56014
"593",0.464032,0.093177,0.743706
"594",0.593601,0.138317,36.113087
"595",0.614434,0.178633,62.820398
"596",0.570419,0.132542,17.672439
"597",0.568303,0.094265,6.24704
"598",0.616352,0.124156,-15.706564
"599",0.599183,0.097417,-14.617118
"600",0.668883,0.123828,7.977746
"601",0.579673,0.12679,-24.221192
"602",0.563252,0.140832,-33.377268
"603",0.740937,0.119666,3.900355
"604",0.706034,0.101791,2.963977
"605",0.601796,0.104592,14.412204
"606",0.688651,0.114435,9.545051
"607",0.562878,0.079465,0.258535
"608",0.585125,0.133785,-19.840938
"609",0.677299,0.110233,-1.995627
"610",0.832409,0.086136,3.399654
"611",0.567178,0.14361,7.296182
"612",0.809718,0.098564,-3.889277
"613",0.650816,0.098526,15.934012
"614",0.625522,0.118142,-12.019051
"615",0.817486,0.125484,-6.982559
"616",0.723978,0.15152,36.11145
"617",0.722148,0.093455,-19.138397
"618",0.64921,0.104539,16.142284
"619",0.610201,0.105404,13.19441
"620",0.547242,0.113405,10.279168
"621",0.580101,0.104978,-15.752928
"622",0.544415,0.144863,-33.173582
"623",0.605341,0.102642,-13.552265
"624",0.653573,0.090117,-20.854328
"625",0.681126,0.122818,12.939545
"626",0.615984,0.108474,-14.111347
"627",0.560619,0.09035,8.149203
"628",0.629438,0.141734,-25.493121
"629",0.62391,0.103356,-16.811719
"630",0.959689,0.097643,12.198678
"631",0.619222,0.123153,-6.862839
"632",0.718936,0.097726,-19.783183
"633",0.622672,0.133079,18.776177
"634",0.617017,0.153059,-13.510522
"635",0.711608,0.116428,2.423076
"636",0.666201,0.121856,5.804072
"637",0.621368,0.103915,13.993405
"638",0.648113,0.120889,-12.961755
"639",0.555266,0.135548,-34.78177
"640",0.70536,0.112251,5.463035
"641",0.686631,0.127687,-4.742036
"642",0.866755,0.111493,-0.757458
"643",0.595074,0.132711,-26.704055
"644",0.493148,0.150016,10.407398
"645",0.557819,0.141653,23.04735
"646",0.623612,0.103759,3.171168
"647",0.650989,0.098302,9.20922
"648",0.620229,0.102106,23.518757
"649",0.555594,0.097122,-12.505459
"650",0.550402,0.127535,-14.444083
"651",0.584761,0.114693,16.496314
"652",0.684425,0.100782,-7.682392
"653",0.672048,0.101877,-4.662923
"654",0.569458,0.124933,-19.655833
"655",0.609293,0.124439,4.039385
"656",0.569,0.142383,21.469462
"657",0.614977,0.096979,5.439553
"658",0.640648,0.10102,-5.93465
"659",0.512713,0.177327,52.534121
"660",0.588829,0.101452,-12.020049
"661",0.656499,0.135283,9.840421
"662",0.604475,0.087565,-6.60837
"663",0.573459,0.141296,22.6924
"664",0.570529,0.097762,-10.027874
"665",0.640351,0.094994,14.857759
"666",0.607374,0.089743,1.618724
"667",0.652763,0.11783,-10.736991
"668",0.604145,0.114971,12.395006
"669",0.585491,0.11456,27.541428
"670",0.567927,0.107572,-19.148933
"671",0.502427,0.167582,-30.055458
"672",0.61357,0.075766,-22.629893
"673",0.501289,0.082821,-2.931233
"674",0.739945,0.126331,-10.060276
"675",0.60093,0.096415,-5.209187
"676",0.609389,0.117766,-1.810731
"677",0.650479,0.158706,-3.445277
"678",0.60218,0.109857,-9.48171
"679",0.569911,0.109909,18.240452
"680",0.657111,0.093994,-4.803064
"681",0.558048,0.149223,-2.917676
"682",0.652813,0.148639,-15.906185
"683",0.632494,0.149111,-31.266233
"684",0.555623,0.130747,25.631529
"685",0.643187,0.198804,32.886785
"686",0.582656,0.145143,19.654629
"687",0.583303,0.155929,18.354711
"688",0.687032,0.09633,-2.341317
"689",0.558616,0.154747,8.094068
"690",0.593715,0.089218,-12.451329
"691",0.574869,0.121709,-24.658941
"692",0.754982,0.092126,-3.991724
"693",0.591744,0.097256,-11.818489
"694",0.521947,0.109679,23.109767
"695",0.576194,0.137159,55.724612
"696",0.580368,0.10049,-3.475142
"697",0.643073,0.101148,-14.183891
"698",0.635123,0.165667,-51.327715
"699",0.561561,0.094748,17.511484
"700",0.580826,0.119977,11.824384
"701",0.572607,0.112598,-3.869046
"702",0.650364,0.089016,-2.769314
"703",0.664545,0.135734,5.165713
"704",0.669817,0.099939,2.458118
"705",0.614809,0.106219,1.085495
"706",0.571152,0.105685,2.824305
"707",0.565929,0.112642,30.05692
"708",0.533398,0.140633,-27.377055
"709",0.626392,0.097192,-8.417635
"710",0.701085,0.139984,-28.208825
"711",0.786513,0.116422,-1.986681
"712",0.58865,0.127546,-21.637291
"713",0.589291,0.122097,-28.287726
"714",0.520993,0.117683,-6.066212
"715",0.612711,0.118125,-1.612964
"716",0.565742,0.143398,16.457626
"717",0.540233,0.136319,24.441061
"718",0.63414,0.101393,-4.518125
"719",0.581173,0.166814,23.124245
"720",0.528323,0.13822,-5.133971
"721",0.866618,0.111718,-5.559358
"722",0.772452,0.09829,5.23876
"723",0.660078,0.129261,13.290833
"724",0.573349,0.135512,-13.382499
"725",0.519353,0.176993,-60.738432
"726",0.609719,0.169623,21.505755
"727",0.514858,0.128554,14.630266
"728",0.58574,0.111845,0.832719
"729",0.715728,0.126306,-1.277512
"730",0.577169,0.07899,-11.629173
"731",0.621946,0.103196,-9.815664
"732",0.586658,0.140369,18.956548
"733",0.604165,0.107689,2.469531
"734",0.505245,0.141435,34.648661
"735",0.600147,0.134775,-24.115833
"736",0.655236,0.110999,8.476252
"737",0.629229,0.125314,-16.436187
"738",0.596863,0.079956,8.696034
"739",0.563607,0.149976,56.978848
"740",0.605671,0.09933,8.990998
"741",0.575054,0.183427,18.57526
"742",0.610513,0.118146,12.112555
"743",0.630996,0.122155,-0.362284
"744",0.665252,0.136104,-27.460865
"745",0.601901,0.121684,-12.850005
"746",0.632572,0.106954,-1.015657
"747",0.593471,0.109576,-24.35748
"748",0.611463,0.103169,5.972977
"749",0.596558,0.09942,10.59532
"750",0.642671,0.099654,10.469983
"751",0.652008,0.098269,4.838786
"752",0.561221,0.102249,3.259056
"753",0.650522,0.098932,-4.023211
"754",0.60255,0.118224,-10.022825
"755",0.645587,0.101063,5.856929
"756",0.675209,0.111922,10.638165
"757",0.832336,0.127406,-4.347372
"758",0.575741,0.096005,-16.692651
"759",0.566556,0.112558,2.96884
"760",0.573081,0.109473,0.820156
"761",0.755921,0.11606,-10.902276
"762",0.595689,0.114885,-2.281822
"763",0.582668,0.076516,7.466903
"764",0.49184,0.106369,-19.292048
"765",0.556522,0.15065,17.84275
"766",0.596147,0.136608,7.973587
"767",0.690951,0.076904,7.039856
"768",0.682937,0.088415,-4.983695
"769",0.563456,0.091198,-14.869091
"770",0.617803,0.107562,-23.190979
"771",0.540341,0.137741,-19.636359
"772",0.602186,0.110387,14.721714
"773",0.652684,0.1231,7.616279
"774",0.85829,0.120604,7.886058
"775",0.617886,0.105738,3.485057
"776",0.692831,0.125325,6.165098
"777",0.622421,0.106671,4.331911
"778",0.571408,0.137474,-12.97746
"779",0.54485,0.164317,-45.975131
"780",0.600293,0.093441,-1.671439
"781",0.712877,0.102767,7.555536
"782",0.811064,0.119357,-11.354446
"783",0.676162,0.138511,10.81994
"784",0.594543,0.146462,4.517278
"785",0.56923,0.108643,-3.183798
"786",0.642838,0.118755,6.443014
"787",0.648242,0.143327,2.256426
"788",0.601597,0.14628,19.513395
"789",0.634268,0.10061,-3.180698
"790",0.607347,0.112893,-14.154766
"791",0.547954,0.171625,-15.275664
"792",0.552993,0.20886,72.453459
"793",0.599732,0.119361,-20.567436
"794",0.585574,0.099777,-17.801076
"795",0.663991,0.123011,11.300688
"796",0.560992,0.071781,2.711244
"797",0.570684,0.089544,1.051972
"798",0.722359,0.14159,-0.88307
"799",0.607387,0.141061,-18.035729
"800",0.551262,0.125899,-7.395147
"801",0.616275,0.102635,-10.440294
"802",0.669373,0.136436,12.174917
"803",0.639669,0.120226,5.219129
"804",0.586221,0.106908,13.538475
"805",0.744128,0.116246,4.352664
"806",0.658441,0.111158,-21.727253
"807",0.582744,0.110553,2.608689
"808",0.525858,0.096754,-6.463471
"809",0.587161,0.121089,-20.24092
"810",0.618435,0.117351,-23.931805
"811",0.607141,0.096384,-7.931634
"812",0.694836,0.08376,15.184067
"813",0.588141,0.120823,-15.425345
"814",0.698749,0.102168,-10.849942
"815",0.578823,0.149584,-6.117041
"816",0.569989,0.13962,27.365937
"817",0.595953,0.11845,5.956365
"818",0.717051,0.103472,13.776548
"819",0.6726,0.112268,5.991058
"820",0.587985,0.088797,-5.740874
"821",0.566669,0.148096,-40.200635
"822",0.584098,0.145476,-47.749031
"823",0.586152,0.109327,8.390766
"824",0.548949,0.135673,-1.704842
"825",0.609881,0.104217,-3.110568
"826",0.60966,0.096,-1.414456
"827",0.623717,0.112651,4.168341
"828",0.708615,0.177746,-5.223162
"829",0.673413,0.107842,-0.409511
"830",0.63466,0.148456,-14.635193
"831",0.592722,0.101323,12.032581
"832",0.625644,0.109853,-7.113887
"833",0.576159,0.119299,17.919272
"834",0.693206,0.105715,-0.057021
"835",0.602522,0.177837,-43.621029
"836",0.612977,0.106468,13.249256
"837",0.677166,0.15009,12.616778
"838",0.547301,0.196194,-41.708984
"839",0.668302,0.11271,-6.777335
"840",0.759777,0.108578,6.71432
"841",0.610596,0.132766,24.856473
"842",0.736437,0.123742,-10.673204
"843",0.535152,0.113698,23.100012
"844",0.569319,0.121763,-7.545348
"845",0.595914,0.131846,-19.186572
"846",0.480357,0.11545,-8.312549
"847",0.617845,0.113667,16.990852
"848",0.63023,0.144854,30.346002
"849",0.572708,0.154014,15.067454
"850",0.603651,0.123859,13.154963
"851",0.618726,0.116726,6.416229
"852",0.673434,0.142424,5.490539
"853",0.710262,0.120809,13.411692
"854",0.583855,0.106394,-5.19783
"855",0.607479,0.112089,30.506581
"856",0.752389,0.127415,-18.63269
"857",0.575886,0.153625,20.871262
"858",0.599713,0.103891,-14.751424
"859",0.605948,0.091897,24.62293
"860",0.590589,0.144394,20.088022
"861",0.662359,0.106942,3.241296
"862",0.563746,0.156746,2.51112
"863",0.769563,0.09392,-5.076234
"864",0.623473,0.122782,9.367794
"865",0.654559,0.088227,9.257119
"866",0.619302,0.131949,8.42338
"867",0.618315,0.119982,11.349564
"868",0.710637,0.148523,-13.635357
"869",0.501536,0.155818,22.400558
"870",0.760982,0.09067,10.42778
"871",0.599813,0.085629,-5.824566
"872",0.585347,0.154695,27.325234
"873",0.647139,0.127445,-23.613886
"874",0.719016,0.091422,-6.017909
"875",0.549467,0.127315,-25.718063
"876",0.66148,0.125382,9.667797
"877",0.528441,0.127168,-21.033613
"878",0.565332,0.138874,-3.541427
"879",0.634037,0.11751,-8.063807
"880",0.571537,0.09283,7.950772
"881",0.633521,0.142014,-12.690702
"882",0.543412,0.105355,13.830946
"883",0.559777,0.093637,6.956304
"884",0.514139,0.192102,68.483516
"885",0.733512,0.117671,3.417182
"886",0.535604,0.093001,-6.027055
"887",0.514217,0.130205,2.139158
"888",0.704792,0.090996,-5.541563
"889",0.968472,0.116385,-4.938861
"890",0.55467,0.210539,-15.719208
"891",0.575203,0.098604,-4.929622
"892",0.598853,0.117181,-10.595112
"893",0.652088,0.145649,16.03157
"894",0.578463,0.129815,40.000889
"895",0.62409,0.089922,-2.913146
"896",0.533195,0.158672,-7.009251
"897",0.618994,0.100884,9.00053
"898",0.533436,0.119564,4.695408
"899",0.611542,0.089893,3.554575
"900",0.616022,0.123908,34.559405
"901",0.589221,0.135154,-5.788829
"902",0.598291,0.120101,-4.373649
"903",0.589843,0.13293,20.772412
"904",0.698392,0.098306,-13.215806
"905",0.551973,0.087286,0.890034
"906",0.681115,0.107858,11.032282
"907",0.732883,0.082565,-7.090359
"908",0.558425,0.167002,28.40646
"909",0.527455,0.1111,7.02265
"910",0.598175,0.1136,-25.212746
"911",0.616029,0.116983,2.191111
"912",0.642149,0.100501,3.989788
"913",0.657751,0.102198,-7.822238
"914",0.578014,0.130148,30.641436
"915",0.403816,0.111058,11.318849
"916",0.756406,0.122379,6.692054
"917",0.675527,0.18548,38.897653
"918",0.711307,0.070486,18.265492
"919",0.599316,0.114444,11.66209
"920",0.594495,0.112254,12.372776
"921",0.58605,0.113902,-13.217537
"922",0.764707,0.105915,-6.293108
"923",0.61312,0.095046,15.845223
"924",0.851799,0.108257,0.858716
"925",0.578131,0.119599,-23.869761
"926",0.889699,0.154294,8.833314
"927",0.713614,0.098642,-2.661244
"928",0.584221,0.129739,-11.572316
"929",0.60431,0.11544,4.4264
"930",0.675005,0.093838,7.389478
"931",0.873408,0.159986,-8.019865
"932",0.595647,0.157336,23.795191
"933",0.654264,0.12273,1.460905
"934",0.820218,0.114889,0.469824
"935",0.676125,0.092586,2.48463
"936",0.653455,0.125125,-9.168698
"937",0.596557,0.120097,8.292135
"938",0.671453,0.088983,-0.963588
"939",0.66866,0.095399,20.267125
"940",0.565402,0.09684,26.861783
"941",0.68828,0.103576,11.593173
"942",0.64671,0.091531,4.825999
"943",0.586099,0.134968,-11.349113
"944",0.57932,0.096356,18.562089
"945",0.565181,0.12129,16.680697
"946",0.833799,0.105141,-4.068248
"947",0.780779,0.119308,19.617342
"948",0.567154,0.122244,9.822936
"949",0.594691,0.119608,17.027808
"950",0.551072,0.089572,9.419389
"951",0.553581,0.146275,15.199538
"952",0.662715,0.103612,9.067454
"953",0.65287,0.130762,19.368436
"954",0.551581,0.111101,-8.124227
"955",0.62056,0.117465,-5.150115
"956",0.576028,0.10191,30.736948
"957",0.583279,0.155448,-51.885554
"958",0.586947,0.15238,-20.452795
"959",0.66667,0.10146,-10.509311
"960",0.676835,0.117146,-30.847252
"961",0.560521,0.11616,20.402788
"962",0.524648,0.157808,30.535513
"963",0.558254,0.196695,6.884068
"964",0.635955,0.110486,2.652938
"965",0.875433,0.105565,-0.189596
"966",0.639364,0.090933,-4.45128
"967",0.628224,0.122867,12.872283
"968",0.880122,0.114007,-14.432552
"969",0.770928,0.117217,13.375313
"970",0.602254,0.145839,11.777455
"971",0.62972,0.107866,2.281661
"972",0.595551,0.124743,13.542503
"973",0.566581,0.151176,-46.404977
"974",0.553584,0.112974,-21.880066
"975",0.585904,0.098898,-14.304409
"976",0.757064,0.145553,3.536027
"977",0.600324,0.147795,-2.70926
"978",0.584521,0.129961,6.081656
"979",0.571649,0.135419,17.384097
"980",0.664752,0.100947,-6.151039
"981",0.725876,0.133514,-12.119024
"982",0.625964,0.141863,34.200348
"983",0.586234,0.103381,11.394425
"984",0.607697,0.135825,19.350908
"985",0.658222,0.157243,26.275736
"986",0.57201,0.080132,-13.28895
"987",0.540337,0.109617,-5.843998
"988",0.647126,0.152068,-4.169942
"989",0.833381,0.094338,0.483169
"990",0.629915,0.095451,22.805344
"991",0.573487,0.101645,7.679363
"992",0.599701,0.132794,-36.293687
"993",0.632959,0.092922,-6.999597
"994",0.576536,0.12659,-32.169882
"995",0.506946,0.102244,11.710896
"996",0.591396,0.110211,5.66732
"997",0.623384,0.123728,-27.412505
"998",0.753752,0.166554,10.43716
"999",0.656319,0.157908,17.440871
"1000",0.594058,0.100698,9.12402
"1001",0.580889,0.105814,-10.871937
"1002",0.565299,0.136717,7.477064
"1003",0.561419,0.123623,4.883142
"1004",0.609833,0.16376,7.087735
"1005",0.597601,0.11426,5.438793
"1006",0.591778,0.122482,-24.230595
"1007",0.493986,0.175926,54.548895
"1008",0.59619,0.117339,22.855866
"1009",0.588225,0.138804,13.503572
"1010",0.532992,0.138356,-35.262757
"1011",0.626449,0.086718,30.65646
"1012",0.67683,0.103485,-1.460539
"1013",0.826121,0.107583,1.594811
"1014",0.647198,0.089735,0.397561
"1015",0.528942,0.114819,21.281991
"1016",0.674417,0.122741,-11.130808
"1017",0.642496,0.116259,-19.532651
"1018",0.566231,0.112611,-25.778624
"1019",0.578037,0.123707,17.407518
"1020",0.621084,0.117017,11.313426
"1021",0.572941,0.16888,-15.023257
"1022",0.664894,0.11697,13.596358
"1023",0.569065,0.102428,20.053027
"1024",0.678649,0.123311,5.523704
"1025",0.554404,0.09121,7.844188
"1026",0.587824,0.137877,-8.472759
"1027",0.585999,0.122445,0.875203
"1028",0.573182,0.183108,-57.205923
"1029",0.532547,0.129186,28.801192
"1030",0.595787,0.109047,-5.457343
"1031",0.545927,0.102717,1.271717
"1032",0.58817,0.11451,2.009286
"1033",0.571272,0.102006,9.723342
"1034",0.594912,0.09386,-6.624014
"1035",0.664461,0.100426,-1.626554
"1036",0.607723,0.094754,10.749733
"1037",0.643556,0.117528,21.44338
"1038",0.624132,0.121015,-14.143788
"1039",0.567538,0.109567,4.209628
"1040",0.599409,0.119002,-6.956546
"1041",0.795537,0.102075,-5.21778
"1042",0.607371,0.093585,3.152322
"1043",0.600586,0.114527,6.029641
"1044",0.635927,0.08667,0.600308
"1045",0.605879,0.115061,-7.145547
"1046",0.744423,0.116597,-17.050652
"1047",0.524135,0.14664,-52.770369
"1048",0.616373,0.094555,-9.948185
"1049",0.600981,0.108731,7.308996
"1050",0.676517,0.090559,-0.41183
"1051",0.56193,0.086822,-9.416774
"1052",0.613799,0.159058,-14.04008
"1053",0.620992,0.143075,18.31308
"1054",0.545206,0.112042,-25.775096
"1055",0.692597,0.125376,-13.622494
"1056",0.649619,0.10688,-7.046804
"1057",0.651185,0.121626,10.210006
"1058",0.913572,0.122331,-0.597721
"1059",0.536364,0.129529,22.390629
"1060",0.606955,0.132784,20.300837
"1061",0.740991,0.161529,-6.841679
"1062",0.619577,0.085694,7.030057
"1063",0.615423,0.122678,-11.411374
"1064",0.818793,0.119709,7.984142
"1065",0.764711,0.13203,-23.072526
"1066",0.935557,0.138375,10.384652
"1067",0.437019,0.150388,31.378085
"1068",0.656263,0.120307,2.125347
"1069",0.715644,0.109903,-7.06505
"1070",0.689961,0.136235,-19.235361
"1071",0.717873,0.132179,-11.320415
"1072",0.565944,0.099522,25.968502
"1073",0.571975,0.113019,8.461528
"1074",0.730321,0.112443,5.872975
"1075",0.912305,0.109988,8.183487
"1076",0.571678,0.138022,17.068502
"1077",0.616789,0.095375,-18.710266
"1078",0.544987,0.116571,-5.544904
"1079",0.712096,0.105448,-5.760726
"1080",0.575194,0.134907,6.664873
"1081",0.64838,0.112625,3.035973
"1082",0.612219,0.114844,19.331285
"1083",0.680721,0.110574,-5.442904
"1084",0.599415,0.078251,-9.27025
"1085",0.612265,0.113969,-13.740368
"1086",0.569561,0.165225,-19.653002
"1087",0.605055,0.164078,33.403617
"1088",0.551047,0.094435,-12.231885
"1089",0.642407,0.092009,3.895155
"1090",0.640461,0.092412,3.261687
"1091",0.571608,0.113525,-6.253171
"1092",0.543373,0.099883,11.811859
"1093",0.544289,0.089446,17.876405
"1094",0.539341,0.106401,17.291325
"1095",0.525768,0.128375,-21.373808
"1096",0.57679,0.102443,-6.901311
"1097",0.607968,0.109034,-0.472606
"1098",0.578556,0.107695,-11.140728
"1099",0.647787,0.131261,6.554163
"1100",0.670139,0.135271,25.246148
"1101",0.562767,0.102308,-8.851223
"1102",0.636185,0.095509,1.999031
"1103",0.603251,0.108336,0.443843
"1104",0.493095,0.128645,13.792986
"1105",0.499703,0.082254,-22.233518
"1106",0.594168,0.133012,-2.818401
"1107",0.655493,0.098908,-9.562381
"1108",0.913745,0.097033,6.919179
"1109",0.769219,0.115957,7.690255
"1110",0.577072,0.134651,13.81768
"1111",0.676334,0.167591,15.81544
"1112",0.548069,0.097061,3.459341
"1113",0.5596,0.143357,-16.003875
"1114",0.59972,0.120149,16.352278
"1115",0.609026,0.127017,14.355583
"1116",0.628244,0.148948,32.86691
"1117",0.46747,0.098468,-13.166598
"1118",0.711332,0.107551,18.944115
"1119",0.729842,0.137151,38.681638
"1120",0.734731,0.114478,-9.479456
"1121",0.647409,0.14722,8.755088
"1122",0.597246,0.104116,-8.828417
"1123",0.679691,0.096173,-21.871559
"1124",0.558061,0.115991,5.566374
"1125",0.721995,0.132674,5.751156
"1126",0.434077,0.098312,13.04041
"1127",0.601697,0.130587,-13.624228
"1128",0.601007,0.119374,-22.50706
"1129",0.646637,0.13997,-2.724325
"1130",0.700503,0.103848,-0.321777
"1131",0.605414,0.102743,-8.675374
"1132",0.605866,0.085896,-15.665107
"1133",0.619925,0.100164,-9.689989
"1134",0.563118,0.09724,0.613728
"1135",0.591882,0.120866,3.250479
"1136",0.50958,0.123934,-9.721207
"1137",0.576178,0.114505,6.681786
"1138",0.609993,0.132661,12.557805
"1139",0.841583,0.106496,5.001343
"1140",0.659401,0.093804,3.946105
"1141",0.582214,0.077614,-9.430959
"1142",0.534746,0.086215,1.858829
"1143",0.622991,0.111593,-0.317791
"1144",0.593725,0.093699,-5.980352
"1145",0.633006,0.110137,-11.317048
"1146",0.450719,0.098818,-23.004086
"1147",0.575858,0.171453,-72.836333
"1148",0.604091,0.17312,-9.099775
"1149",0.569876,0.156508,-28.282256
"1150",0.645729,0.135084,-31.242021
"1151",0.668598,0.109314,11.396483
"1152",0.589084,0.177523,-44.505804
"1153",0.681046,0.11048,-4.831397
"1154",0.787686,0.119747,6.460553
"1155",0.877813,0.115866,-0.564869
"1156",0.578374,0.096768,-4.264737
"1157",0.642487,0.120245,-7.242192
"1158",0.855374,0.107644,-8.450457
"1159",0.611905,0.122005,22.795928
"1160",0.589574,0.121123,23.271174
"1161",0.732038,0.133455,3.393473
"1162",0.619463,0.122529,9.230219
"1163",0.568678,0.090115,1.850727
"1164",0.64757,0.119359,-10.935416
"1165",0.574932,0.140385,-32.866146
"1166",0.623192,0.106762,-1.558314
"1167",0.537261,0.125637,-24.589916
"1168",0.645407,0.108655,-1.30414
"1169",0.570669,0.085948,-9.113514
"1170",0.610675,0.077017,-6.136004
"1171",0.55113,0.134317,25.490688
"1172",0.602922,0.126248,14.492165
"1173",0.608865,0.111501,3.270416
"1174",0.519594,0.165654,56.920824
"1175",0.634571,0.154247,34.086908
"1176",0.589621,0.162683,-6.195129
"1177",0.639614,0.112475,16.849274
"1178",0.674474,0.126672,-6.433897
"1179",0.615478,0.139174,9.492101
"1180",0.682024,0.14417,17.15226
"1181",0.606664,0.133746,-4.231848
"1182",0.624094,0.092398,-1.105365
"1183",0.596147,0.099411,5.351229
"1184",0.606834,0.128095,-11.872085
"1185",0.714067,0.095818,-1.552906
"1186",0.476551,0.12183,0.454249
"1187",0.616011,0.175219,48.787849
"1188",0.722378,0.128427,0.156297
"1189",0.664498,0.101473,-16.413895
"1190",0.872439,0.182564,-5.406967
"1191",0.632438,0.11144,-19.409772
"1192",0.740024,0.125376,27.066248
"1193",0.672617,0.117667,-9.158477
"1194",0.605366,0.085885,15.294748
"1195",0.59707,0.126508,-4.823947
"1196",0.595644,0.123691,-36.51926
"1197",0.759638,0.120081,-12.778641
"1198",0.580217,0.134237,-9.14874
"1199",0.560029,0.106777,0.646086
"1200",0.799923,0.113632,-13.872757
"1201",0.972674,0.090631,-4.575013
"1202",0.621191,0.086362,15.183273
"1203",0.602881,0.092688,-17.269007
"1204",0.565685,0.131028,-15.935862
"1205",0.661819,0.111387,18.536155
"1206",0.567747,0.120615,20.656692
"1207",0.605626,0.158489,14.292264
"1208",0.611434,0.123081,18.592072
"1209",0.6479,0.122336,6.015766
"1210",0.572211,0.166235,24.484255
"1211",0.630936,0.11537,-9.192358
"1212",0.705771,0.141274,-9.859185
"1213",0.48775,0.15455,-12.152839
"1214",0.62736,0.108358,-13.59638
"1215",0.701846,0.137969,4.566645
"1216",0.591612,0.134507,-5.318003
"1217",0.514073,0.116043,-1.554445
"1218",0.616059,0.102055,-6.960387
"1219",0.638487,0.124672,-2.427808
"1220",0.67867,0.111939,-12.004213
"1221",0.874762,0.124371,-3.077671
"1222",0.725578,0.139393,14.135666
"1223",0.602542,0.162706,-22.812973
"1224",0.547876,0.224402,25.306599
"1225",0.753193,0.161696,22.310529
"1226",0.951541,0.11373,-15.736188
"1227",0.720888,0.116349,-5.638275
"1228",0.666775,0.093789,1.176765
"1229",0.574631,0.102975,-9.508083
"1230",0.587307,0.084714,20.681591
"1231",0.692638,0.122054,-0.047114
"1232",0.608876,0.138285,-1.621549
"1233",0.539152,0.107683,15.846138
"1234",0.619856,0.097197,7.323294
"1235",0.633712,0.101892,3.74029
"1236",0.978211,0.104529,5.80611
"1237",0.520824,0.130756,23.253285
"1238",0.658352,0.09766,19.775963
"1239",0.778116,0.121275,-9.185314
"1240",0.604345,0.092771,-16.763797
"1241",0.669986,0.114885,-10.715843
"1242",0.65107,0.10949,9.583119
"1243",0.579754,0.088116,-2.966079
"1244",0.539831,0.132531,28.916503
"1245",0.709794,0.108121,2.82561
"1246",0.49713,0.157359,18.793871
"1247",0.607393,0.132412,-6.782204
"1248",0.529277,0.113393,19.74793
"1249",0.573896,0.098806,-7.033035
"1250",0.558388,0.090211,-7.285988
"1251",0.609686,0.121138,23.2384
"1252",0.604441,0.088,-17.546789
"1253",0.674566,0.122791,-7.145413
"1254",0.6311,0.126766,3.473151
"1255",0.618974,0.107035,-4.11848
"1256",0.532597,0.154244,10.737611
"1257",0.744784,0.115495,-0.791092
"1258",0.727037,0.130418,0.388094
"1259",0.699312,0.117156,-4.655584
"1260",0.621061,0.113261,13.159507
"1261",0.595927,0.096111,-11.33997
"1262",0.622217,0.138327,-7.27777
"1263",0.563689,0.094107,-10.033411
"1264",0.563168,0.133994,9.153993
"1265",0.599667,0.116087,2.320955
"1266",0.555213,0.121191,-22.676839
"1267",0.658434,0.103837,-1.180594
"1268",0.693411,0.122876,-13.492648
"1269",0.722988,0.129561,1.54945
"1270",0.629139,0.11255,3.86472
"1271",0.679882,0.136536,2.765162
"1272",0.540366,0.114815,17.9755
"1273",0.706382,0.121471,-9.860546
"1274",0.89581,0.14136,-11.522052
"1275",0.616054,0.093744,3.511647
"1276",0.517167,0.149997,6.410264
"1277",0.664901,0.113482,-18.244745
"1278",0.835886,0.096003,-15.119677
"1279",0.747611,0.092886,6.881849
"1280",0.490255,0.084404,-21.475766
"1281",0.634284,0.133142,-7.751207
"1282",0.769253,0.105894,6.847311
"1283",0.862146,0.105667,-9.152142
"1284",0.582394,0.089307,2.726916
"1285",0.722999,0.084888,-7.311655
"1286",0.559766,0.143493,-8.673038
"1287",0.55495,0.164506,41.737683
"1288",0.678092,0.093386,17.048307
"1289",0.616372,0.08755,1.53553
"1290",0.542206,0.086957,-17.024438
"1291",0.570774,0.119968,32.149445
"1292",0.542287,0.112342,17.31904
"1293",0.59803,0.100787,-12.42246
"1294",0.88505,0.112226,5.754185
"1295",0.557023,0.12173,19.28618
"1296",0.613984,0.106158,-2.426183
"1297",0.643623,0.105507,22.912162
"1298",0.57962,0.108419,22.32823
"1299",0.852811,0.107937,7.55884
"1300",0.585876,0.116609,21.20465
"1301",0.59206,0.095542,21.662146
"1302",0.629047,0.132022,-18.131402
"1303",0.620018,0.107737,12.16637
"1304",0.863662,0.08471,-7.280669
"1305",0.750841,0.108381,0.384209
"1306",0.690309,0.124162,0.54567
"1307",0.610864,0.106598,0.930982
"1308",0.606826,0.212498,98.304802
"1309",0.66356,0.11087,-14.628255
"1310",0.6841,0.11208,-8.701849
"1311",0.648275,0.108316,-3.231994
"1312",0.717104,0.111453,-12.790079
"1313",0.674837,0.118503,31.823741
"1314",0.754413,0.10824,-3.414061
"1315",0.714008,0.116082,-17.021045
"1316",0.895607,0.114889,-11.471917
"1317",0.588124,0.124599,38.62925
"1318",0.544035,0.082964,-10.748475
"1319",0.591264,0.127831,18.70462
"1320",0.691721,0.128238,0.822562
"1321",0.60225,0.098761,-1.703647
"1322",0.516972,0.113149,-2.180559
"1323",0.649388,0.116213,0.632983
"1324",0.624714,0.131728,-4.928715
"1325",0.656751,0.130634,-10.791991
"1326",0.549677,0.109533,15.740236
"1327",0.688889,0.135937,11.435603
"1328",0.588862,0.092361,-3.866341
"1329",0.593118,0.116392,-3.898232
"1330",0.724133,0.103349,-7.646601
"1331",0.691643,0.119346,9.834655
"1332",0.777225,0.137187,-5.816131
"1333",0.59672,0.093461,5.602094
"1334",0.618212,0.146661,-2.274903
"1335",0.669399,0.12939,-3.471459
"1336",0.598128,0.162229,4.197039
"1337",0.55914,0.118662,-12.439731
"1338",0.671934,0.104166,-14.16456
"1339",0.600365,0.140724,-0.992834
"1340",0.689701,0.119015,-0.760479
"1341",0.508113,0.136076,-20.003125
"1342",0.635012,0.08928,-2.573542
"1343",0.585216,0.097235,1.022107
"1344",0.661609,0.121309,4.058027
"1345",0.608824,0.120525,3.373631
"1346",0.566275,0.239344,-31.574642
"1347",0.574946,0.110421,-5.808648
"1348",0.535828,0.11892,8.269351
"1349",0.667323,0.128443,15.951665
"1350",0.741817,0.106585,12.324631
"1351",0.530313,0.114394,-6.87555
"1352",0.558731,0.088322,0.929878
"1353",0.681019,0.116852,-0.933513
"1354",0.65565,0.09544,-8.37232
"1355",0.587474,0.132027,-25.550613
"1356",0.659476,0.121743,-26.782736
"1357",0.660018,0.092991,-19.559883
"1358",0.640817,0.111781,-6.660277
"1359",0.541069,0.099414,12.3503
"1360",0.6138,0.10775,-12.866703
"1361",0.820573,0.083128,-4.677565
"1362",0.593402,0.085017,5.861361
"1363",0.587808,0.180949,-51.5169
"1364",0.64555,0.185525,-26.104855
"1365",0.671307,0.087245,14.433744
"1366",0.602985,0.102895,-11.818502
"1367",0.643496,0.100471,-12.605239
"1368",0.597522,0.118088,2.489766
"1369",0.574129,0.148985,-53.229507
"1370",0.633016,0.097175,-11.909701
"1371",0.579476,0.126605,-27.187233
"1372",0.566031,0.13977,-8.02553
"1373",0.573874,0.161501,-20.217732
"1374",0.520991,0.163011,6.427983
"1375",0.591176,0.074789,13.567278
"1376",0.709228,0.10472,-8.287928
"1377",0.644318,0.11108,24.47976
"1378",0.565278,0.104519,-6.988107
"1379",0.563886,0.139932,18.063387
"1380",0.61812,0.125764,-3.556258
"1381",0.670282,0.108029,-7.035149
"1382",0.657786,0.113078,-0.111106
"1383",0.599023,0.164473,-8.996907
"1384",0.673083,0.076095,6.959427
"1385",0.566386,0.125881,-8.307463
"1386",0.536182,0.091025,10.156172
"1387",0.648559,0.109521,-10.308894
"1388",0.53432,0.165708,26.553237
"1389",0.559473,0.184291,-9.854524
"1390",0.599589,0.112799,-15.362182
"1391",0.693733,0.109488,-4.725358
"1392",0.597223,0.11948,15.312553
"1393",0.653494,0.100665,-7.003156
"1394",0.604824,0.083048,-10.853463
"1395",0.64952,0.114882,-4.954739
"1396",0.598125,0.139294,-1.876608
"1397",0.606813,0.103319,-7.288895
"1398",0.745791,0.102562,-9.918428
"1399",0.5771,0.131977,28.040398
"1400",0.539264,0.13065,-3.368697
"1401",0.506689,0.094844,8.574497
"1402",0.587044,0.106742,2.9718
"1403",0.560916,0.112677,-16.230502
"1404",0.678011,0.088579,8.694599
"1405",0.635693,0.102351,10.524662
"1406",0.51479,0.225196,-56.193522
"1407",0.663977,0.109294,17.27614
"1408",0.605813,0.113262,16.70601
"1409",0.591118,0.115148,-17.971405
"1410",0.695428,0.122671,-0.946909
"1411",0.71334,0.15776,14.502618
"1412",0.659087,0.157726,-33.955825
"1413",0.583434,0.103744,18.006762
"1414",0.564972,0.102499,-6.085756
"1415",0.817337,0.125604,24.849334
"1416",0.614728,0.168925,-6.083992
"1417",0.611506,0.112184,5.715523
"1418",0.479081,0.158153,23.190569
"1419",0.598172,0.130877,11.339503
"1420",0.670878,0.126426,-2.119122
"1421",0.596261,0.129199,1.233733
"1422",0.637104,0.099159,-0.843461
"1423",0.850197,0.103504,8.094696
"1424",0.584599,0.119592,-8.565442
"1425",0.541433,0.100889,-18.890725
"1426",0.822346,0.117275,1.401823
"1427",0.66095,0.111873,9.248898
"1428",0.520886,0.16014,-12.217161
"1429",0.615389,0.199955,-29.138669
"1430",0.670671,0.153586,18.559542
"1431",0.620924,0.127627,23.085333
"1432",0.575372,0.111835,-2.771649
"1433",0.561111,0.113496,-14.015927
"1434",0.670806,0.183482,-50.245394
"1435",0.680895,0.120819,-14.247953
"1436",0.573223,0.120838,-29.964507
"1437",0.450394,0.108446,9.133372
"1438",0.589141,0.131621,-16.990397
"1439",0.696955,0.149658,3.382566
"1440",0.553963,0.099112,-13.612357
"1441",0.660499,0.108107,4.370913
"1442",0.570769,0.116676,-2.383006
"1443",0.68756,0.114447,-7.637206
"1444",0.544048,0.138262,-3.702965
"1445",0.695401,0.106308,-15.800779
"1446",0.624291,0.095343,4.68455
"1447",0.558002,0.199984,-69.794398
"1448",0.912853,0.134574,-0.998711
"1449",0.591449,0.192176,-32.925832
"1450",0.707598,0.111156,-5.339029
"1451",0.602156,0.159132,1.686498
"1452",0.599802,0.118269,2.645049
"1453",0.719283,0.10338,-6.454997
"1454",0.621207,0.106937,6.217274
"1455",0.607038,0.116956,11.229317
"1456",0.87832,0.129241,1.854564
"1457",0.621705,0.104114,15.559517
"1458",0.590344,0.099707,5.008962
"1459",0.613241,0.092141,12.461087
"1460",0.620604,0.090433,-11.147355
"1461",0.616827,0.091601,3.724635
"1462",0.568359,0.109581,11.41888
"1463",0.578192,0.095619,-5.683232
"1464",0.799601,0.130235,17.148507
"1465",0.696886,0.106208,-0.610189
"1466",0.680706,0.090898,13.226598
"1467",0.655595,0.107379,-4.161902
"1468",0.589843,0.141228,39.486127
"1469",0.516348,0.105767,8.982169
"1470",0.585001,0.132942,-5.821669
"1471",0.669229,0.131828,0.469797
"1472",0.682893,0.130386,15.657221
"1473",0.660357,0.104098,-11.855993
"1474",0.571082,0.158779,10.160015
"1475",0.641123,0.110488,-3.570794
"1476",0.56241,0.155375,-33.79918
"1477",0.612054,0.117663,-2.88452
"1478",0.547081,0.104702,7.35955
"1479",0.502502,0.115873,-23.055187
"1480",0.659451,0.104572,2.435236
"1481",0.593876,0.112333,-4.70573
"1482",0.581416,0.10441,21.196651
"1483",0.582449,0.118363,-16.418909
"1484",0.737192,0.150673,26.051814
"1485",0.623985,0.126873,-12.253732
"1486",0.713201,0.112712,16.5496
"1487",0.566973,0.189163,28.807699
"1488",0.599855,0.127518,6.165502
"1489",0.709044,0.09447,5.208895
"1490",0.637511,0.136536,-15.497802
"1491",0.5671,0.148368,-11.98859
"1492",0.575091,0.153172,-57.241528
"1493",0.605302,0.114446,-0.261687
"1494",0.574374,0.134507,43.409768
"1495",0.755085,0.091663,-0.519491
"1496",0.623057,0.091846,-7.004778
"1497",0.715839,0.095192,-4.217959
"1498",0.914629,0.135293,-3.00627
"1499",0.497815,0.121036,-17.758334
"1500",0.767608,0.115622,0.153471
"1501",0.643409,0.142423,12.083619
"1502",0.429789,0.263524,61.710891
"1503",0.570712,0.145372,-29.181648
"1504",0.556653,0.129879,-4.877418
"1505",0.879952,0.165714,4.595029
"1506",0.711071,0.12874,-18.682775
"1507",0.509936,0.165935,35.827271
"1508",0.582657,0.136159,26.863494
"1509",0.796269,0.090487,3.863769
"1510",0.626317,0.104464,17.117869
"1511",0.929968,0.159268,0.297946
"1512",0.506717,0.148347,-38.191804
"1513",0.648836,0.114504,-7.554158
"1514",0.807989,0.104389,17.901652
"1515",0.725056,0.0989,-22.454565
"1516",0.60661,0.136285,-28.341644
"1517",0.674391,0.102667,5.822489
"1518",0.66745,0.105152,-15.279242
"1519",0.490995,0.104544,-22.823948
"1520",0.582168,0.180497,9.919759
"1521",0.656391,0.152582,-13.767525
"1522",0.730542,0.141996,-30.05416
"1523",0.667732,0.088998,2.318899
"1524",0.690861,0.112753,8.101053
"1525",0.530557,0.187448,44.645108
"1526",0.64332,0.183765,-32.019995
"1527",0.614009,0.089119,-9.124928
"1528",0.648151,0.111451,15.177804
"1529",0.565815,0.15682,-11.007398
"1530",0.595137,0.10325,-29.064247
"1531",0.525396,0.143241,14.300192
"1532",0.612717,0.087471,10.183562
"1533",0.621696,0.118666,-8.389319
"1534",0.514107,0.133065,23.110766
"1535",0.551828,0.10013,-7.510554
"1536",0.583577,0.09237,12.390507
"1537",0.581924,0.070608,4.306274
"1538",0.638993,0.118984,16.988901
"1539",0.865795,0.124649,15.170611
"1540",0.862114,0.141626,-3.033053
"1541",0.613666,0.113645,35.068269
"1542",0.709836,0.098776,5.460987
"1543",0.667905,0.120666,-5.745719
"1544",0.63489,0.121861,3.951962
"1545",0.547507,0.169425,10.555413
"1546",0.637794,0.148487,11.05538
"1547",0.723906,0.115259,-0.752437
"1548",0.630639,0.124457,-12.373307
"1549",0.574488,0.105527,-1.140121
"1550",0.684133,0.124786,-1.488847
"1551",0.674256,0.096326,6.712466
"1552",0.578456,0.13068,-24.157766
"1553",0.681024,0.118183,3.967553
"1554",0.603022,0.127908,46.381827
"1555",0.547048,0.19118,-6.464247
"1556",0.598314,0.113537,6.514377
"1557",0.632277,0.114472,7.092427
"1558",0.743536,0.107902,7.404338
"1559",0.674275,0.103929,4.345206
"1560",0.527749,0.128589,-34.846342
"1561",0.583088,0.094807,-14.733275
"1562",0.583941,0.104233,23.35867
"1563",0.634375,0.087067,-9.348622
"1564",0.654029,0.084838,5.508689
"1565",0.681076,0.109832,-5.516572
"1566",0.672434,0.109882,12.817524
"1567",0.640024,0.103139,0.334933
"1568",0.608169,0.123672,-2.995513
"1569",0.638795,0.161346,-7.96803
"1570",0.623008,0.116696,8.170311
"1571",0.654367,0.113545,15.267211
"1572",0.868901,0.102295,7.361107
"1573",0.797326,0.107981,-0.136562
"1574",0.544383,0.104529,6.363036
"1575",0.786572,0.0984,-6.453151
"1576",0.726166,0.127963,-2.795908
"1577",0.506374,0.140705,6.155064
"1578",0.550768,0.15255,30.376779
"1579",0.610945,0.148965,8.40251
"1580",0.63774,0.103662,-23.159075
"1581",0.523103,0.107842,2.75939
"1582",0.610309,0.099626,27.322398
"1583",0.81719,0.106479,7.614389
"1584",0.45526,0.096708,-8.616082
"1585",0.6318,0.127887,-2.551414
"1586",0.732279,0.114084,-1.683545
"1587",0.737471,0.098701,6.057108
"1588",0.578954,0.131186,-25.905022
"1589",0.629376,0.113552,1.631898
"1590",0.587023,0.158295,-14.823177
"1591",0.627163,0.110674,-2.27821
"1592",0.884509,0.095975,7.581214
"1593",0.593086,0.086025,-19.552193
"1594",0.634342,0.111414,-3.238675
"1595",0.680518,0.149419,-8.285624
"1596",0.740997,0.086269,-4.647999
"1597",0.769155,0.110782,19.2825
"1598",0.454217,0.11763,-22.702042
"1599",0.626607,0.116115,3.668251
"1600",0.754752,0.11711,-8.095689
"1601",0.388659,0.157971,18.658415
"1602",0.621221,0.105935,4.215629
"1603",0.591085,0.089373,-14.108
"1604",0.751975,0.092498,-6.073397
"1605",0.593358,0.101553,-6.835067
"1606",0.607881,0.099207,4.607163
"1607",0.939394,0.111834,-7.081284
"1608",0.551177,0.112269,7.207147
"1609",0.619857,0.116556,-12.620446
"1610",0.839064,0.101005,-5.553801
"1611",0.701596,0.11466,-9.447226
"1612",0.661098,0.120119,-12.899226
"1613",0.623717,0.102712,1.305056
"1614",0.680694,0.120279,14.546205
"1615",0.603885,0.112823,2.772845
"1616",0.625583,0.13897,33.276465
"1617",0.953481,0.114935,6.10591
"1618",0.589984,0.090931,6.965692
"1619",0.87421,0.094688,17.739819
"1620",0.592584,0.092084,-1.41046
"1621",0.592656,0.092264,14.073988
"1622",0.719603,0.10275,7.60913
"1623",0.606736,0.113191,-14.77253
"1624",0.5832,0.145474,-13.143607
"1625",0.5913,0.127831,34.394631
"1626",0.628442,0.141597,2.307917
"1627",0.623336,0.111073,-8.32024
"1628",0.658629,0.127806,2.478841
"1629",0.706934,0.143364,3.190706
"1630",0.546971,0.187056,-51.994566
"1631",0.634088,0.122922,-23.559975
"1632",0.59666,0.084031,1.343471
"1633",0.682551,0.105236,15.459368
"1634",0.592255,0.114656,9.428527
"1635",0.745048,0.14043,-4.194696
"1636",0.640363,0.111445,5.678344
"1637",0.540547,0.078121,-6.33332
"1638",0.627458,0.123861,-11.616869
"1639",0.795291,0.106219,9.289173
"1640",0.550974,0.121071,-3.788964
"1641",0.704071,0.154804,10.21053
"1642",0.530282,0.107857,13.797215
"1643",0.827289,0.082447,2.09041
"1644",0.584984,0.126309,-24.925552
"1645",0.644561,0.092846,15.82209
"1646",0.71712,0.13029,9.003196
"1647",0.670236,0.131668,5.300113
"1648",0.645917,0.159838,17.281556
"1649",0.731913,0.125405,7.847471
"1650",0.64812,0.114808,-0.536621
"1651",0.689533,0.202872,-2.001678
"1652",0.661387,0.10618,15.079536
"1653",0.627554,0.153556,23.041076
"1654",0.620664,0.104467,-5.131264
"1655",0.567957,0.146006,-7.330435
"1656",0.604257,0.141327,16.233005
"1657",0.59744,0.100383,-2.935297
"1658",0.551291,0.12063,-5.670967
"1659",0.618147,0.109603,-12.109445
"1660",0.756353,0.120012,5.207013
"1661",0.65106,0.110017,16.090986
"1662",0.650966,0.135455,11.791696
"1663",0.627902,0.123385,-15.207498
"1664",0.60852,0.105907,16.259638
"1665",0.696813,0.228619,-20.34334
"1666",0.666311,0.133987,-5.522124
"1667",0.578709,0.106051,-30.99905
"1668",0.856211,0.092811,-15.445938
"1669",0.621492,0.098923,-11.467396
"1670",0.704845,0.11073,4.023956
"1671",0.600018,0.128643,11.038343
"1672",0.648792,0.101598,7.921958
"1673",0.55634,0.103245,-9.451029
"1674",0.576346,0.119145,8.706584
"1675",0.668156,0.079974,1.469961
"1676",0.633928,0.130386,5.35537
"1677",0.992,0.0789,0.541835
"1678",0.762029,0.109205,13.070609
"1679",0.585319,0.132903,8.373502
"1680",0.618151,0.080764,-11.049265
"1681",0.566762,0.099276,-3.836032
"1682",0.536915,0.095804,8.086277
"1683",0.544909,0.086307,13.883515
"1684",0.655634,0.080865,15.196506
"1685",0.539444,0.127626,13.073066
"1686",0.681316,0.10452,6.939522
"1687",0.534336,0.186592,-39.632683
"1688",0.671438,0.08683,8.783481
"1689",0.51823,0.107554,10.821213
"1690",0.61342,0.109416,-2.261534
"1691",0.742156,0.106033,-4.978137
"1692",0.582217,0.117114,14.066691
"1693",0.792747,0.137795,-10.457824
"1694",0.640117,0.157314,-11.818281
"1695",0.584367,0.163554,-26.677091
"1696",0.58159,0.109629,-9.030176
"1697",0.524229,0.157919,15.028476
"1698",0.639127,0.14106,-23.311166
"1699",0.812162,0.099947,-11.023014
"1700",0.56571,0.159284,-11.377303
"1701",0.918724,0.121859,3.15901
"1702",0.599188,0.15544,-4.231293
"1703",0.713327,0.097642,-0.073804
"1704",0.60042,0.121889,2.138263
"1705",0.727029,0.119271,15.335653
"1706",0.576865,0.153245,6.606805
"1707",0.671703,0.180221,5.314531
"1708",0.585662,0.096517,-9.094689
"1709",0.9609,0.156025,-2.706872
"1710",0.595107,0.074664,-25.928344
"1711",0.980632,0.102093,-4.854223
"1712",0.676814,0.1252,2.593263
"1713",0.527553,0.161322,38.157581
"1714",0.722901,0.102107,-13.710983
"1715",0.524978,0.136832,14.212231
"1716",0.645251,0.079656,-10.015996
"1717",0.61294,0.124341,-23.662474
"1718",0.741055,0.130426,-3.478407
"1719",0.651771,0.125185,4.758149
"1720",0.642779,0.121628,7.582518
"1721",0.742113,0.11825,-13.260886
"1722",0.753687,0.112283,7.862758
"1723",0.603218,0.113074,-3.845322
"1724",0.768675,0.103355,-3.011165
"1725",0.581435,0.184667,-1.341575
"1726",0.675037,0.103006,11.890343
"1727",0.729471,0.114715,10.032799
"1728",0.549381,0.145975,-35.560083
"1729",0.542948,0.254549,52.114501
"1730",0.732086,0.114827,-26.704909
"1731",0.609979,0.12802,-2.074586
"1732",0.656399,0.099147,0.440905
"1733",0.6144,0.103029,10.583085
"1734",0.689933,0.084048,-3.725709
"1735",0.609082,0.104573,6.120309
"1736",0.833676,0.155123,9.377293
"1737",0.687774,0.117358,1.774081
"1738",0.605171,0.126839,-4.835054
"1739",0.803549,0.100092,-0.62816
"1740",0.737599,0.123239,0.221831
"1741",0.605911,0.103491,-8.848327
"1742",0.684857,0.1174,-9.335205
"1743",0.55693,0.143422,12.450975
"1744",0.695683,0.117374,-21.19315
"1745",0.585922,0.209199,40.155527
"1746",0.631832,0.109823,15.176147
"1747",0.55308,0.150288,30.619391
"1748",0.579411,0.135917,47.192779
"1749",0.630473,0.113329,11.997755
"1750",0.55017,0.148814,21.577145
"1751",0.64476,0.114329,14.326823
"1752",0.64209,0.103494,-13.73937
"1753",0.94414,0.112078,-4.26029
"1754",0.687159,0.099406,11.361825
"1755",0.670095,0.131535,4.650567
"1756",0.620034,0.113099,-0.637237
"1757",0.661347,0.118857,-3.880252
"1758",0.60196,0.105373,-3.131553
"1759",0.620445,0.116332,2.754607
"1760",0.580622,0.07724,-19.839305
"1761",0.610199,0.166232,-57.399142
"1762",0.70437,0.106257,23.772401
"1763",0.676148,0.084631,-6.353733
"1764",0.604127,0.154331,11.84132
"1765",0.560192,0.120275,9.600697
"1766",0.680748,0.143715,18.492399
"1767",0.577911,0.169333,-11.293613
"1768",0.672,0.108142,-7.00969
"1769",0.711474,0.116959,-10.077014
"1770",0.542694,0.124231,34.10016
"1771",0.652936,0.173593,-20.857181
"1772",0.760607,0.089524,-10.430084
"1773",0.991587,0.112331,7.007053
"1774",0.679928,0.093713,1.028759
"1775",0.621593,0.140372,3.346553
"1776",0.633944,0.120876,3.021636
"1777",0.931629,0.083449,-1.234257
"1778",0.774419,0.112409,2.581894
"1779",0.49737,0.128748,17.974219
"1780",0.599279,0.142293,-22.165466
"1781",0.646995,0.140559,11.426867
"1782",0.564974,0.145908,-14.487858
"1783",0.542453,0.123514,-24.014863
"1784",0.631922,0.124563,-8.013216
"1785",0.696251,0.140728,-26.206012
"1786",0.558824,0.093663,11.663246
"1787",0.661958,0.183906,-16.988041
"1788",0.590897,0.098019,2.79062
"1789",0.772124,0.162779,-46.298189
"1790",0.620072,0.114837,-2.344206
"1791",0.588368,0.143699,-26.284695
"1792",0.573554,0.098269,0.042895
"1793",0.578921,0.119299,-1.211457
"1794",0.566392,0.115225,0.210697
"1795",0.556407,0.105037,1.332696
"1796",0.554401,0.124695,6.873815
"1797",0.777825,0.107416,3.268102
"1798",0.764274,0.095126,-17.55675
"1799",0.731027,0.109503,-3.718332
"1800",0.744004,0.104424,10.78262
"1801",0.528606,0.096555,-2.498265
"1802",0.611233,0.09364,-4.559778
"1803",0.899708,0.092453,-5.764871
"1804",0.616272,0.13188,11.316196
"1805",0.577655,0.143905,2.220987
"1806",0.62523,0.138901,-21.933072
"1807",0.608154,0.096747,19.818232
"1808",0.615864,0.137188,7.14302
"1809",0.674548,0.11332,0.346946
"1810",0.897006,0.105002,-2.187556
"1811",0.555153,0.126505,-7.42946
"1812",0.63598,0.127714,-7.018183
"1813",0.602919,0.125096,12.804675
"1814",0.626665,0.108466,11.20249
"1815",0.588811,0.148407,-23.952292
"1816",0.621002,0.144084,-38.461225
"1817",0.615311,0.093136,1.238388
"1818",0.708651,0.118295,3.595808
"1819",0.493857,0.174001,-38.821119
"1820",0.565698,0.144309,-55.240068
"1821",0.608745,0.112234,0.76207
"1822",0.790707,0.10526,2.407673
"1823",0.628185,0.115843,4.883976
"1824",0.598641,0.117077,-8.730196
"1825",0.633416,0.130751,6.380279
"1826",0.614272,0.094736,-2.370782
"1827",0.584229,0.097002,-8.963778
"1828",0.529813,0.101758,15.419036
"1829",0.563158,0.129909,24.881132
"1830",0.710572,0.100609,5.448063
"1831",0.648019,0.096971,-6.754114
"1832",0.589545,0.118897,0.70652
"1833",0.653326,0.089401,-5.011067
"1834",0.635608,0.104836,-0.234576
"1835",0.745591,0.144856,-4.052699
"1836",0.501666,0.123039,-23.74472
"1837",0.668747,0.096276,-14.054993
"1838",0.661828,0.177359,28.113878
"1839",0.683636,0.157128,-13.374356
"1840",0.546152,0.124897,-21.615606
"1841",0.653401,0.10615,-13.119472
"1842",0.591477,0.125868,-8.978987
"1843",0.587102,0.100718,-20.368009
"1844",0.525769,0.100223,13.588374
"1845",0.759841,0.141435,-9.887932
"1846",0.487247,0.103632,-0.249062
"1847",0.54935,0.148092,-3.229119
"1848",0.775016,0.121262,-0.373258
"1849",0.592427,0.14241,-16.857051
"1850",0.641254,0.110575,-14.388504
"1851",0.69876,0.136542,23.369712
"1852",0.676282,0.151996,-13.502402
"1853",0.625469,0.120103,12.129774
"1854",0.665072,0.095299,3.04744
"1855",0.602841,0.108046,25.282201
"1856",0.615983,0.103705,20.871209
"1857",0.528352,0.120526,1.191742
"1858",0.847439,0.095595,-11.008088
"1859",0.60371,0.114965,9.731287
"1860",0.831043,0.135591,-23.767362
"1861",0.631991,0.137397,-8.893101
"1862",0.62742,0.138873,-6.268149
"1863",0.649157,0.128563,-3.040784
"1864",0.637647,0.119982,1.736333
"1865",0.594788,0.123606,3.342672
"1866",0.628883,0.092823,10.065601
"1867",0.545638,0.108837,12.410243
"1868",0.560961,0.119306,-4.712228
"1869",0.569833,0.138971,-10.067766
"1870",0.748872,0.106817,0.2594
"1871",0.560349,0.138753,-9.05419
"1872",0.617933,0.089017,9.730525
"1873",0.700647,0.137073,12.384271
"1874",0.591668,0.122041,-5.716972
"1875",0.558307,0.137854,16.776075
"1876",0.663084,0.102848,-1.47278
"1877",0.608768,0.109343,-12.077642
"1878",0.620101,0.13087,-15.262509
"1879",0.647944,0.134131,-0.941393
"1880",0.608265,0.092996,-8.673799
"1881",0.653206,0.108982,-11.636352
"1882",0.718721,0.096012,2.019245
"1883",0.571372,0.092146,1.737993
"1884",0.534849,0.128152,-9.304911
"1885",0.487904,0.107183,-14.01681
"1886",0.567574,0.152919,22.06252
"1887",0.619082,0.132174,-10.255573
"1888",0.72862,0.146327,-16.643006
"1889",0.568852,0.137917,-17.737887
"1890",0.682344,0.115803,-22.855922
"1891",0.631522,0.121825,-27.478266
"1892",0.595942,0.111145,-0.975753
"1893",0.568589,0.127154,-16.65251
"1894",0.582438,0.215236,29.158953
"1895",0.592042,0.147721,-1.818653
"1896",0.492143,0.127669,10.332406
"1897",0.831667,0.114857,20.641915
"1898",0.692246,0.139477,-2.556101
"1899",0.558678,0.088392,12.118725
"1900",0.647696,0.131832,3.074804
"1901",0.591873,0.13299,6.711357
"1902",0.699449,0.108695,-1.071988
"1903",0.53119,0.137495,-7.748869
"1904",0.555465,0.102075,11.848348
"1905",0.622361,0.144088,7.794564
"1906",0.597632,0.096846,-14.509463
"1907",0.747539,0.134402,11.497248
"1908",0.67883,0.116824,-13.946219
"1909",0.69504,0.102561,-6.86131
"1910",0.527723,0.116759,25.94103
"1911",0.528764,0.12831,-17.332114
"1912",0.603419,0.123657,-8.378324
"1913",0.718587,0.11638,-21.301811
"1914",0.538566,0.186247,-33.087727
"1915",0.645173,0.106205,-10.672608
"1916",0.584851,0.142126,3.204493
"1917",0.665878,0.119422,4.29536
"1918",0.557493,0.205333,13.172767
"1919",0.650947,0.16807,34.26529
"1920",0.678369,0.113658,-26.679468
"1921",0.884399,0.094313,-0.947536
"1922",0.484848,0.170437,-19.723702
"1923",0.665985,0.092106,-2.951702
"1924",0.669859,0.106848,10.255985
"1925",0.596929,0.146269,18.396139
"1926",0.938621,0.139193,6.602947
"1927",0.806135,0.115735,15.516657
"1928",0.500777,0.095446,-22.584984
"1929",0.587815,0.116687,-27.08068
"1930",0.627756,0.109542,0.12035
"1931",0.599641,0.082394,-2.607781
"1932",0.569644,0.159522,24.600659
"1933",0.574334,0.121166,-26.645587
"1934",0.458174,0.110022,13.479552
"1935",0.63789,0.105916,-7.002597
"1936",0.582937,0.078736,-8.736062
"1937",0.6146,0.113983,5.135943
"1938",0.810257,0.136513,-0.710358
"1939",0.551771,0.164999,21.093591
"1940",0.752452,0.101711,0.089085
"1941",0.564764,0.116837,14.757529
"1942",0.766662,0.129055,18.621805
"1943",0.657714,0.112297,20.71975
"1944",0.620769,0.110188,2.727153
"1945",0.600556,0.108149,-1.28566
"1946",0.731169,0.076971,-1.934305
"1947",0.583186,0.17012,-16.526406
"1948",0.656997,0.352859,123.637962
"1949",0.64016,0.109579,-9.053144
"1950",0.610367,0.160343,12.515185
"1951",0.463672,0.095934,5.187283
"1952",0.794004,0.111423,-2.920159
"1953",0.631415,0.117584,2.049847
"1954",0.621185,0.08717,7.088244
"1955",0.655088,0.116961,-6.371437
"1956",0.589135,0.100933,-3.084916
"1957",0.645406,0.122191,19.968813
"1958",0.648568,0.151926,7.139924
"1959",0.628099,0.124861,22.578064
"1960",0.601522,0.137886,-3.20867
"1961",0.599549,0.161297,8.932637
"1962",0.566308,0.06886,-3.802531
"1963",0.592847,0.107355,-24.780247
"1964",0.699818,0.097683,-7.974135
"1965",0.583367,0.12269,21.119464
"1966",0.577207,0.096575,-19.460425
"1967",0.715081,0.177576,32.230771
"1968",0.577734,0.112415,-1.168815
"1969",0.519013,0.123209,-17.93175
"1970",0.538249,0.117285,9.036757
"1971",0.678326,0.10767,-3.336374
"1972",0.612011,0.156948,-1.117254
"1973",0.900495,0.150212,19.140866
"1974",0.642327,0.120984,-2.378745
"1975",0.619687,0.094193,18.531908
"1976",0.786677,0.110062,6.102708
"1977",0.628855,0.12069,-4.335971
"1978",0.783384,0.130192,14.892737
"1979",0.664784,0.130455,-14.79651
"1980",0.663666,0.102429,-14.553298
"1981",0.692585,0.125139,-8.669759
"1982",0.660105,0.124672,-3.943022
"1983",0.78673,0.124515,-6.983189
"1984",0.604987,0.158492,49.394657
"1985",0.647056,0.170341,20.259419
"1986",0.872492,0.163691,16.978301
"1987",0.536801,0.110711,-18.194576
"1988",0.628016,0.116777,33.106479
"1989",0.814239,0.103717,12.331842
"1990",0.706908,0.120401,4.280305
"1991",0.60706,0.101562,-2.757
"1992",0.780821,0.136251,-12.059793
"1993",0.684644,0.077419,10.604329
"1994",0.713165,0.106063,-2.968559
"1995",0.550075,0.121841,16.817989
"1996",0.644157,0.124716,12.524098
"1997",0.652869,0.101684,8.325164
"1998",0.812106,0.126142,-9.634304
"1999",0.63215,0.155769,9.229228
"2000",0.669771,0.127628,-15.066977
"2001",0.735273,0.121346,-0.676839
"2002",0.573263,0.175065,-42.330087
"2003",0.586971,0.110451,22.900233
"2004",0.924062,0.249418,7.690175
"2005",0.717405,0.093233,18.425846
"2006",0.49408,0.09272,14.371853
"2007",0.580641,0.099575,-0.4789
"2008",0.596846,0.135628,-7.911752
"2009",0.546897,0.112817,25.885878
"2010",0.686362,0.079673,9.227787
"2011",0.608276,0.113208,11.024853
"2012",0.738112,0.08472,-16.191439
"2013",0.56714,0.121626,-0.781507
"2014",0.762478,0.145929,-8.714943
"2015",0.643472,0.154714,8.648849
"2016",0.613298,0.09456,-10.64746
"2017",0.473002,0.127666,1.188666
"2018",0.610648,0.118803,20.981765
"2019",0.633944,0.104574,-8.263296
"2020",0.708083,0.118848,1.96911
"2021",0.667015,0.098673,-19.498646
"2022",0.552017,0.157942,36.85823
"2023",0.642601,0.12865,-7.229218
"2024",0.771678,0.127374,-27.1124
"2025",0.529238,0.155284,24.929317
"2026",0.621242,0.136539,-4.210984
"2027",0.598691,0.180051,-41.031144
"2028",0.586099,0.151917,19.199405
"2029",0.770922,0.138441,-7.027384
"2030",0.652993,0.109445,-0.62862
"2031",0.729101,0.121107,6.176514
"2032",0.837105,0.146426,12.91645
"2033",0.68481,0.126241,28.015796
"2034",0.686947,0.141103,-9.919143
"2035",0.540247,0.179056,-5.374255
"2036",0.705358,0.132803,6.486525
"2037",0.676951,0.131423,16.080852
"2038",0.577613,0.124071,16.881753
"2039",0.547228,0.131477,19.179425
"2040",0.581277,0.10882,-0.778352
"2041",0.869908,0.090362,7.106385
"2042",0.837188,0.118008,-11.581205
"2043",0.687858,0.124562,-8.881123
"2044",0.586621,0.097914,11.226663
"2045",0.502347,0.101387,-17.675654
"2046",0.558016,0.136109,14.257302
"2047",0.668323,0.087615,-9.081316
"2048",0.573272,0.115757,-19.929878
"2049",0.631144,0.139057,-15.34137
"2050",0.831166,0.131858,-1.52894
"2051",0.509849,0.157791,-25.140152
"2052",0.571187,0.091974,-22.502753
"2053",0.626734,0.19941,-36.533541
"2054",0.542622,0.173239,36.154355
"2055",0.573898,0.125355,15.885806
"2056",0.554326,0.122096,-11.595941
"2057",0.59265,0.127953,-14.804197
"2058",0.643864,0.107623,5.408369
"2059",0.56185,0.110907,22.705052
"2060",0.62226,0.112497,10.681705
"2061",0.561764,0.120334,16.672821
"2062",0.582383,0.080652,-14.053407
"2063",0.580483,0.097358,-30.385679
"2064",0.597485,0.119329,22.546677
"2065",0.522955,0.10159,10.628977
"2066",0.627093,0.164924,23.455059
"2067",0.593808,0.128524,-33.596183
"2068",0.558485,0.224326,-46.947833
"2069",0.615787,0.185054,-43.532589
"2070",0.584068,0.155366,-8.243285
"2071",0.609058,0.099117,-3.881241
"2072",0.676769,0.10884,0.66297
"2073",0.861426,0.133695,19.174394
"2074",0.526398,0.112285,-18.587263
"2075",0.588265,0.108305,-0.696115
"2076",0.80344,0.118884,-12.300541
"2077",0.564277,0.085215,18.45367
"2078",0.586627,0.088223,3.353136
"2079",0.796065,0.098324,-7.609254
"2080",0.577674,0.104023,1.625539
"2081",0.885237,0.126245,3.60244
"2082",0.72836,0.133092,-10.403702
"2083",0.569864,0.125492,10.160653
"2084",0.628188,0.125998,-26.072941
"2085",0.916801,0.116757,-28.444984
"2086",0.755848,0.084999,8.442436
"2087",0.623754,0.143516,-13.263131
"2088",0.651794,0.121959,10.928485
"2089",0.710369,0.15113,-1.467387
"2090",0.627442,0.112151,-13.477287
"2091",0.63499,0.104525,-5.675269
"2092",0.690313,0.122614,-1.864246
"2093",0.54383,0.118311,3.079551
"2094",0.506152,0.109706,-14.729188
"2095",0.612203,0.097803,10.66745
"2096",0.555147,0.161566,-7.093834
"2097",0.695697,0.096407,-4.908891
"2098",0.607488,0.128901,6.122958
"2099",0.569318,0.102669,6.85225
"2100",0.617453,0.09804,-2.552528
"2101",0.513652,0.141621,-9.644138
"2102",0.606773,0.096455,0.330922
"2103",0.535892,0.097348,4.95779
"2104",0.59649,0.145668,-34.392823
"2105",0.548385,0.150101,0.506825
"2106",0.523207,0.113556,2.396664
"2107",0.600504,0.092857,-12.192142
"2108",0.584466,0.127936,1.252654
"2109",0.658908,0.106588,5.800205
"2110",0.526573,0.109853,-18.089853
"2111",0.59167,0.123008,-16.77084
"2112",0.666615,0.116975,-12.813407
"2113",0.622457,0.137342,-5.529898
"2114",0.690585,0.102596,-6.393821
"2115",0.543703,0.108309,6.550089
"2116",0.628917,0.18372,-5.533741
"2117",0.571568,0.106206,-8.155404
"2118",0.55609,0.138669,35.183996
"2119",0.881488,0.120375,-8.172244
"2120",0.850508,0.104128,-15.472061
"2121",0.591684,0.110046,38.151607
"2122",0.635267,0.099238,-3.464053
"2123",0.90308,0.124202,1.100868
"2124",0.607384,0.106259,16.452101
"2125",0.547354,0.079439,18.359076
"2126",0.66261,0.09839,-0.083844
"2127",0.611239,0.101673,0.338017
"2128",0.756678,0.149635,-28.623324
"2129",0.552529,0.106629,-14.603197
"2130",0.604049,0.137406,-18.397993
"2131",0.585917,0.112364,-3.263374
"2132",0.612426,0.175636,33.976443
"2133",0.681904,0.106287,7.251688
"2134",0.555124,0.138409,27.957677
"2135",0.556792,0.152966,-35.840527
"2136",0.565917,0.106824,-6.516483
"2137",0.569928,0.113979,-23.512057
"2138",0.770732,0.128134,2.944745
"2139",0.673968,0.100718,-2.317211
"2140",0.551997,0.126691,2.750463
"2141",0.737559,0.125862,-1.248774
"2142",0.645153,0.072236,5.096226
"2143",0.566724,0.077509,14.687341
"2144",0.594235,0.121607,-18.186533
"2145",0.543522,0.120469,-32.382316
"2146",0.884056,0.108367,-1.342074
"2147",0.711042,0.101712,4.07914
"2148",0.537846,0.11467,-18.606135
"2149",0.737113,0.080649,-5.666588
"2150",0.647936,0.114711,-4.2148
"2151",0.677346,0.099022,-0.229821
"2152",0.673031,0.151999,6.909428
"2153",0.568452,0.109755,-0.355114
"2154",0.566801,0.081464,-16.761692
"2155",0.544553,0.144559,23.045919
"2156",0.561049,0.105988,12.16725
"2157",0.515473,0.106076,-0.898988
"2158",0.597261,0.129295,-29.485429
"2159",0.609193,0.117042,-7.294244
"2160",0.555579,0.104884,15.724216
"2161",0.554415,0.150222,-30.66005
"2162",0.717952,0.135681,-16.254529
"2163",0.703619,0.100533,-5.484184
"2164",0.701893,0.11824,-11.423515
"2165",0.553362,0.141767,-45.27241
"2166",0.53814,0.080182,23.64877
"2167",0.671862,0.11496,-13.866243
"2168",0.543318,0.113175,5.417781
"2169",0.633624,0.105504,11.882495
"2170",0.728897,0.098159,-3.590307
"2171",0.55705,0.133861,3.512667
"2172",0.700176,0.237175,-65.670376
"2173",0.758672,0.115448,2.540338
"2174",0.717112,0.150109,3.522342
"2175",0.573286,0.123454,22.798033
"2176",0.555577,0.112943,-6.644927
"2177",0.595646,0.130588,-2.532055
"2178",0.675849,0.106708,6.854162
"2179",0.911723,0.106341,-1.350005
"2180",0.795992,0.128061,-4.332488
"2181",0.532639,0.137008,12.266668
"2182",0.78809,0.130271,1.932068
"2183",0.610444,0.117233,-1.194865
"2184",0.574001,0.162852,-8.491533
"2185",0.527091,0.117565,-15.700455
"2186",0.617229,0.129068,-7.254166
"2187",0.575993,0.093179,-1.383394
"2188",0.735554,0.094439,4.077213
"2189",0.725213,0.135835,-11.3433
"2190",0.504865,0.140586,26.670345
"2191",0.628162,0.135621,23.429973
"2192",0.564604,0.118504,7.296168
"2193",0.562566,0.114646,-9.097173
"2194",0.600757,0.121779,-16.232753
"2195",0.643693,0.134727,-20.740193
"2196",0.695248,0.123662,10.521323
"2197",0.577842,0.116519,-9.831347
"2198",0.661322,0.09924,-10.064313
"2199",0.610911,0.191954,24.302898
"2200",0.635578,0.104032,-14.641335
"2201",0.645364,0.119912,12.904739
"2202",0.735387,0.109905,0.60878
"2203",0.610317,0.147046,-35.190509
"2204",0.616325,0.141778,4.939866
"2205",0.620142,0.1644,8.168614
"2206",0.594867,0.088998,6.289918
"2207",0.798407,0.131114,-6.543727
"2208",0.601342,0.114274,-7.711798
"2209",0.617983,0.111899,16.538305
"2210",0.794801,0.121956,10.155354
"2211",0.748643,0.127751,-4.004851
"2212",0.560278,0.104313,-8.978497
"2213",0.588617,0.126546,16.89383
"2214",0.590092,0.101267,-8.893948
"2215",0.601487,0.145359,15.552087
"2216",0.615316,0.161917,-7.971829
"2217",0.673063,0.11265,-4.470054
"2218",0.516921,0.09408,11.043048
"2219",0.590842,0.104342,21.928708
"2220",0.522515,0.115611,-12.164505
"2221",0.861245,0.130332,5.708253
"2222",0.569517,0.172601,9.721335
"2223",0.569672,0.113811,-16.530729
"2224",0.631941,0.122925,-3.256276
"2225",0.70671,0.130683,3.40851
"2226",0.598772,0.124139,-19.794573
"2227",0.566699,0.133346,1.429741
"2228",0.690859,0.116332,-8.735865
"2229",0.633336,0.118778,21.604607
"2230",0.655679,0.145217,6.740732
"2231",0.591016,0.090853,25.886723
"2232",0.640048,0.114552,-14.151213
"2233",0.761703,0.095442,4.40818
"2234",0.510097,0.135451,-11.939293
"2235",0.612467,0.104721,-26.311773
"2236",0.691882,0.115269,-1.928351
"2237",0.573087,0.11717,19.300554
"2238",0.609906,0.129143,12.686163
"2239",0.473252,0.155591,-4.291448
"2240",0.611053,0.117007,-18.356369
"2241",0.632325,0.120203,10.206273
"2242",0.603454,0.13643,-9.251401
"2243",0.609223,0.153385,-38.454502
"2244",0.665111,0.126961,-14.737093
"2245",0.598907,0.099924,-7.109341
"2246",0.569578,0.110886,7.00335
"2247",0.569255,0.13215,18.665538
"2248",0.589921,0.125352,-2.794469
"2249",0.55132,0.140342,-40.106166
"2250",0.544372,0.097997,-14.512517
"2251",0.637941,0.115729,8.824189
"2252",0.624044,0.123433,5.261842
"2253",0.729083,0.089587,-7.769382
"2254",0.685129,0.138736,-27.776804
"2255",0.622742,0.135056,-30.162759
"2256",0.582597,0.1153,13.473714
"2257",0.635542,0.125606,2.566226
"2258",0.779742,0.130663,-8.798813
"2259",0.681068,0.088623,10.367671
"2260",0.634888,0.137461,-12.415841
"2261",0.605575,0.15179,-6.654665
"2262",0.854547,0.097571,4.89277
"2263",0.529133,0.127918,28.606704
"2264",0.473405,0.104093,9.677579
"2265",0.618782,0.088819,5.062369
"2266",0.548125,0.155536,-68.187351
"2267",0.551179,0.183961,44.576542
"2268",0.639511,0.137912,8.116972
"2269",0.609698,0.101118,-14.191665
"2270",0.587942,0.088976,5.097623
"2271",0.711434,0.104641,-2.030876
"2272",0.734846,0.118492,-2.591324
"2273",0.655295,0.146989,-34.181493
"2274",0.634001,0.092474,-5.352082
"2275",0.685095,0.147064,-13.048632
"2276",0.576266,0.12301,-33.249882
"2277",0.652459,0.133352,13.975549
"2278",0.596753,0.169657,-44.615818
"2279",0.541621,0.163439,6.512426
"2280",0.619112,0.093524,-14.878519
"2281",0.693687,0.115661,13.373093
"2282",0.794373,0.165048,17.852245
"2283",0.637866,0.130247,-10.909721
"2284",0.582515,0.14463,21.810905
"2285",0.563266,0.116296,13.765727
"2286",0.587471,0.113161,-24.239824
"2287",0.577976,0.109044,-6.525327
"2288",0.594071,0.104287,-12.267115
"2289",0.563561,0.212185,-27.46857
"2290",0.686902,0.125649,-0.272135
"2291",0.630814,0.100331,19.996092
"2292",0.595985,0.126248,44.596697
"2293",0.894266,0.117661,13.567043
"2294",0.564581,0.121997,23.193732
"2295",0.577339,0.104539,22.136037
"2296",0.479561,0.089043,-6.721824
"2297",0.664054,0.181196,2.401535
"2298",0.685247,0.115247,3.688185
"2299",0.825181,0.131371,7.038779
"2300",0.599967,0.170187,36.316767
