"","edge","mean","pattern"
"1",0.645304,0.112851,11.330982
"2",0.644368,0.127287,-0.552434
"3",0.625269,0.117067,-5.090954
"4",0.636216,0.120311,-1.510813
"5",0.627099,0.114899,-0.999373
"6",0.674035,0.092636,-0.188958
"7",0.616606,0.128978,-4.865048
"8",0.592725,0.113777,18.686003
"9",0.741521,0.143505,-5.231276
"10",0.797053,0.106473,2.052854
"11",0.64058,0.115589,-2.735557
"12",0.659628,0.133582,-1.604037
"13",0.698381,0.115323,0.376953
"14",0.664103,0.126997,-6.375915
"15",0.684858,0.149878,10.165752
"16",0.605713,0.118199,-3.636258
"17",0.632608,0.117827,-6.744415
"18",0.613567,0.112376,-5.103992
"19",0.640757,0.110447,6.760396
"20",0.655958,0.141432,8.204936
"21",0.642575,0.103495,-1.436752
"22",0.684592,0.141478,6.57607
"23",0.752301,0.08567,-1.091491
"24",0.658915,0.099505,0.768923
"25",0.75692,0.116585,-5.687444
"26",0.499875,0.114225,1.477527
"27",0.733603,0.11018,-0.927859
"28",0.774663,0.153287,-5.32931
"29",0.663616,0.097185,1.159675
"30",0.901994,0.118263,-7.234858
"31",0.752768,0.133925,3.803371
"32",0.80487,0.130716,2.230811
"33",0.754251,0.120396,3.848759
"34",0.75555,0.139805,3.776353
"35",0.617845,0.131414,-7.480058
"36",0.725191,0.116731,5.0761
"37",0.68184,0.129071,3.261643
"38",0.675835,0.120065,1.123136
"39",0.793839,0.141703,-17.133157
"40",0.62375,0.104452,-3.699535
"41",0.591809,0.132566,0.101381
"42",0.577651,0.129768,-0.985065
"43",0.823748,0.103116,-2.993647
"44",0.544919,0.09531,-6.87596
"45",0.692785,0.112439,-0.110199
"46",0.607362,0.121077,1.923842
"47",0.620844,0.094801,-0.786714
"48",0.76714,0.094048,-0.789159
"49",0.599616,0.114209,-0.092173
"50",0.682664,0.094255,3.674945
"51",0.73653,0.108069,-4.190539
"52",0.769477,0.100822,-0.05477
"53",0.577684,0.088962,6.743594
"54",0.599738,0.126129,0.496717
"55",0.59796,0.103271,0.683106
"56",0.770087,0.118175,-1.506251
"57",0.658245,0.129607,-0.898057
"58",0.624375,0.105551,-0.587578
"59",0.663878,0.09703,3.375922
"60",0.657837,0.107618,-0.420934
"61",0.652249,0.112775,-0.555165
"62",0.576223,0.13035,-0.569809
"63",0.723918,0.130334,3.097297
"64",0.675951,0.114695,-3.506404
"65",0.617287,0.084077,0.361668
"66",0.616427,0.081097,1.877891
"67",0.622754,0.108395,-0.645224
"68",0.602904,0.131374,-5.735817
"69",0.726255,0.121033,0.471928
"70",0.645513,0.09806,-1.271038
"71",0.776424,0.088343,0.985589
"72",0.782431,0.125329,1.141143
"73",0.588711,0.106846,0.791945
"74",0.639338,0.126598,2.808207
"75",0.61909,0.115533,-1.727097
"76",0.583493,0.124198,2.410219
"77",0.626678,0.13305,-4.654768
"78",0.605894,0.110161,-2.629067
"79",0.646715,0.104746,-5.856977
"80",0.637931,0.108681,2.317238
"81",0.380794,0.101544,3.495756
"82",0.619649,0.105341,-2.604755
"83",0.647631,0.124525,5.241637
"84",0.605373,0.105599,-1.640684
"85",0.697465,0.106259,-5.339723
"86",0.66032,0.092668,1.906129
"87",0.67907,0.102884,4.671338
"88",0.666008,0.120331,-3.155387
"89",0.556844,0.122415,-3.68953
"90",0.644786,0.129843,4.931525
"91",0.904737,0.120883,-0.050784
"92",0.589765,0.104731,-2.13627
"93",0.627103,0.102758,-4.004217
"94",0.633089,0.107924,0.457673
"95",0.599105,0.107282,0.248138
"96",0.815919,0.097968,-2.061892
"97",0.561044,0.129239,-0.640843
"98",0.601634,0.126556,2.873709
"99",0.763986,0.099393,0.454816
"100",0.597708,0.099744,0.651808
"101",0.591692,0.109067,1.951709
"102",0.562956,0.107032,-3.24648
"103",0.580418,0.119394,5.724874
"104",0.732433,0.125252,1.57532
"105",0.525857,0.126682,-0.282283
"106",0.746796,0.111149,0.020165
"107",0.802449,0.103043,-1.248035
"108",0.571077,0.121472,-1.770177
"109",0.923319,0.109793,1.557781
"110",0.706128,0.109919,-1.659646
"111",0.708974,0.102029,0.101996
"112",0.649066,0.08979,-2.01431
"113",0.617916,0.097342,4.055454
"114",0.595762,0.127745,3.280111
"115",0.658704,0.128462,-4.987129
"116",0.704912,0.111065,2.804743
"117",0.586177,0.14616,-20.401652
"118",0.544689,0.111964,-0.19307
"119",0.715561,0.096416,-1.086825
"120",0.740966,0.111546,0.094444
"121",0.646096,0.137654,3.316163
"122",0.584577,0.114962,5.906391
"123",0.63906,0.1194,3.065151
"124",0.65112,0.127861,0.049387
"125",0.838375,0.120354,-0.356838
"126",0.580805,0.117324,-2.35411
"127",0.674858,0.135087,-0.233425
"128",0.585635,0.142905,-22.128079
"129",0.58662,0.110016,1.367662
"130",0.795926,0.115665,-3.348894
"131",0.726112,0.093311,-2.433737
"132",0.626926,0.116651,-0.984847
"133",0.749635,0.127192,0.213743
"134",0.638243,0.096694,2.364663
"135",0.76139,0.09384,1.253395
"136",0.585426,0.109304,-0.955275
"137",0.776382,0.12999,-3.270332
"138",0.581459,0.099069,-1.762358
"139",0.679237,0.138849,10.189198
"140",0.691391,0.111105,-0.296519
"141",0.697383,0.129473,-3.937249
"142",0.611491,0.114519,-2.069495
"143",0.732447,0.122492,-0.656782
"144",0.605809,0.104351,2.519216
"145",0.603574,0.129833,2.209374
"146",0.913669,0.120391,-3.828271
"147",0.71584,0.104106,-2.104927
"148",0.734684,0.124898,-0.484274
"149",0.659706,0.11384,7.308104
"150",0.682109,0.124575,-3.553702
"151",0.724316,0.097893,0.494389
"152",0.571378,0.097373,0.703486
"153",0.583092,0.123748,-5.724689
"154",0.601684,0.125728,-1.974017
"155",0.691481,0.11427,-1.348229
"156",0.628727,0.124948,10.555811
"157",0.587353,0.122093,5.094358
"158",0.689296,0.12784,-1.718289
"159",0.556532,0.113658,-8.588436
"160",0.574194,0.097593,-1.005896
"161",0.611114,0.119952,4.326267
"162",0.657252,0.112579,6.344373
"163",0.827133,0.123772,-2.44556
"164",0.720024,0.115681,-0.625755
"165",0.618035,0.119079,2.962183
"166",0.635576,0.105214,-5.752567
"167",0.628471,0.102786,-3.438657
"168",0.690916,0.109537,-2.860481
"169",0.703224,0.132469,-1.006321
"170",0.557711,0.096633,0.333282
"171",0.578844,0.107665,0.418868
"172",0.626208,0.104757,0.449466
"173",0.613342,0.108782,-1.003151
"174",0.743296,0.123579,-1.28754
"175",0.600556,0.10266,3.272948
"176",0.547483,0.089839,-1.931768
"177",0.531044,0.109567,3.402208
"178",0.727676,0.110367,1.284246
"179",0.751725,0.12215,-2.344293
"180",0.665211,0.13524,6.957481
"181",0.763472,0.116946,5.600922
"182",0.734283,0.134187,-1.124501
"183",0.784617,0.124098,0.76799
"184",0.571791,0.134778,-8.67087
"185",0.656228,0.100102,0.185997
"186",0.624395,0.114256,8.963242
"187",0.663579,0.133051,6.579618
"188",0.638806,0.095447,-2.957065
"189",0.660481,0.120455,3.959358
"190",0.684007,0.154719,14.121416
"191",0.668699,0.157421,-14.157753
"192",0.689636,0.117191,-0.985155
"193",0.549646,0.141818,9.184582
"194",0.646512,0.138512,4.558142
"195",0.697134,0.088401,0.336106
"196",0.736074,0.105765,-2.744549
"197",0.596615,0.119711,-3.064178
"198",0.662278,0.130637,3.94404
"199",0.784311,0.110517,-5.338923
"200",0.637997,0.112671,-1.184567
"201",0.669222,0.119552,0.651654
"202",0.58449,0.128682,21.701019
"203",0.607403,0.139009,0.910243
"204",0.810403,0.139662,5.807564
"205",0.719127,0.157919,-18.255616
"206",0.659205,0.126223,2.941368
"207",0.713314,0.13811,0.040362
"208",0.643514,0.13818,5.051743
"209",0.615865,0.117109,-1.372832
"210",0.598215,0.134037,-8.79252
"211",0.815068,0.105984,-0.677829
"212",0.737187,0.108624,1.307942
"213",0.669672,0.129847,-2.70806
"214",0.765928,0.124469,-0.588586
"215",0.586381,0.145837,-6.703519
"216",0.709248,0.133778,-0.698109
"217",0.715976,0.128685,3.051886
"218",0.790896,0.123942,-0.698912
"219",0.634845,0.130866,-1.573628
"220",0.61811,0.130409,4.696578
"221",0.629536,0.114427,1.897181
"222",0.657277,0.121453,1.118419
"223",0.596262,0.110149,2.746224
"224",0.5507,0.124122,11.580496
"225",0.659512,0.110434,2.073685
"226",0.632393,0.100121,2.795675
"227",0.689937,0.114454,5.357519
"228",0.893711,0.112331,1.829091
"229",0.623983,0.141784,-3.600989
"230",0.664225,0.124079,0.827579
"231",0.712817,0.120014,3.955134
"232",0.596136,0.112225,5.200859
"233",0.585982,0.109386,3.075496
"234",0.856894,0.110885,-2.635575
"235",0.670745,0.12128,-0.463868
"236",0.747958,0.109963,5.321571
"237",0.764454,0.11888,-1.050601
"238",0.692155,0.099475,-0.777489
"239",0.652951,0.123855,1.158174
"240",0.792763,0.120647,-5.851299
"241",0.711339,0.145855,6.540572
"242",0.573442,0.11053,-9.265781
"243",0.615951,0.119251,5.291206
"244",0.453801,0.112502,1.970792
"245",0.59242,0.118002,0.854929
"246",0.626002,0.122573,-4.287826
"247",0.734842,0.107701,1.730271
"248",0.728786,0.110902,-2.267546
"249",0.756876,0.141006,0.837441
"250",0.807996,0.126479,-1.40909
"251",0.539075,0.126541,-21.122041
"252",0.682184,0.0999,3.381707
"253",0.622207,0.128655,4.497962
"254",0.608805,0.140611,-1.971964
"255",0.640261,0.122161,-10.756973
"256",0.624739,0.113131,0.176334
"257",0.822052,0.109372,3.041017
"258",0.598033,0.141818,8.040539
"259",0.594158,0.138195,8.816475
"260",0.679989,0.12826,-0.243506
"261",0.635269,0.120989,6.113024
"262",0.597779,0.12081,4.157707
"263",0.777592,0.107561,-0.388593
"264",0.731044,0.094765,1.275296
"265",0.791704,0.095597,3.07097
"266",0.651986,0.124538,0.109399
"267",0.764563,0.129589,-2.442643
"268",0.663692,0.096018,1.546421
"269",0.672892,0.125732,0.242361
"270",0.623017,0.11538,-2.603666
"271",0.704549,0.112279,-0.815686
"272",0.539828,0.115692,7.480988
"273",0.583951,0.126396,3.845669
"274",0.66824,0.129295,-1.743323
"275",0.666967,0.099179,-0.106041
"276",0.812341,0.097253,-0.780499
"277",0.757877,0.129158,7.471006
"278",0.621133,0.114127,-3.435924
"279",0.576605,0.140605,-18.634861
"280",0.669942,0.117027,-0.359638
"281",0.659517,0.113071,-5.285808
"282",0.600635,0.103788,4.247856
"283",0.635859,0.118276,4.411985
"284",0.639493,0.112872,-3.726338
"285",0.608062,0.113872,-6.605013
"286",0.727678,0.116033,1.295883
"287",0.67897,0.117672,1.173766
"288",0.886325,0.142585,6.90733
"289",0.629175,0.121923,-5.056265
"290",0.618596,0.109452,-2.772033
"291",0.672765,0.098749,-0.185612
"292",0.811911,0.122889,-0.145526
"293",0.550619,0.133744,-9.097312
"294",0.505944,0.09013,-1.561973
"295",0.691238,0.119434,4.919355
"296",0.594369,0.101167,-0.969859
"297",0.589603,0.14783,2.225897
"298",0.551736,0.125187,-3.904925
"299",0.574496,0.124688,4.850831
"300",0.598938,0.104532,-3.00887
"301",0.63275,0.130868,-4.278313
"302",0.752772,0.104531,-0.693463
"303",0.649426,0.130244,-1.389638
"304",0.694967,0.107682,0.300965
"305",0.630854,0.120267,-2.624268
"306",0.602209,0.098708,-2.362403
"307",0.686113,0.111904,-0.017326
"308",0.569325,0.109391,5.923061
"309",0.567434,0.101441,1.595838
"310",0.700551,0.122441,-0.11826
"311",0.596076,0.111949,0.826094
"312",0.594086,0.108836,2.872699
"313",0.65564,0.097051,-1.574808
"314",0.601605,0.154965,15.377394
"315",0.559961,0.107579,0.296425
"316",0.670932,0.12029,-3.14709
"317",0.71543,0.124121,0.588765
"318",0.812595,0.11298,3.940599
"319",0.660434,0.111692,-5.026278
"320",0.603041,0.124406,3.290157
"321",0.604043,0.119813,-5.765974
"322",0.655786,0.123903,-1.510547
"323",0.6493,0.094673,-0.445751
"324",0.717514,0.133322,-0.338354
"325",0.607329,0.107915,-3.195507
"326",0.677296,0.102366,5.372139
"327",0.681133,0.124861,0.009088
"328",0.638324,0.114465,1.10405
"329",0.578089,0.113215,-7.760317
"330",0.677327,0.114333,-4.291405
"331",0.598225,0.13484,8.801964
"332",0.710995,0.114342,0.601699
"333",0.591471,0.105933,6.498659
"334",0.599049,0.097897,-0.51805
"335",0.628817,0.153312,23.269134
"336",0.623349,0.126523,-2.644692
"337",0.559522,0.122974,-35.267254
"338",0.632619,0.113035,-3.354197
"339",0.632793,0.126702,-6.669354
"340",0.633935,0.122901,-2.30372
"341",0.646527,0.11868,6.664138
"342",0.659727,0.113109,-7.636695
"343",0.687861,0.115554,-1.630578
"344",0.651127,0.108071,0.070743
"345",0.632663,0.099632,-2.04235
"346",0.71562,0.118661,4.741864
"347",0.592137,0.126157,-1.708827
"348",0.626015,0.11209,1.522234
"349",0.718149,0.106993,-2.726922
"350",0.714157,0.108805,-4.292584
"351",0.88241,0.136446,-1.371971
"352",0.656893,0.125643,-4.58042
"353",0.663477,0.094882,1.31518
"354",0.642394,0.121479,-4.146263
"355",0.704904,0.103235,1.478965
"356",0.809551,0.13246,-2.735495
"357",0.595194,0.116732,1.107564
"358",0.621631,0.132804,-2.03484
"359",0.641131,0.11319,3.727336
"360",0.5882,0.107845,-6.009678
"361",0.678071,0.095573,-6.149074
"362",0.713425,0.103381,4.683116
"363",0.693834,0.123542,1.335694
"364",0.625964,0.114647,-1.043815
"365",0.612697,0.131437,3.721404
"366",0.616849,0.10177,-2.343139
"367",0.668248,0.094726,-2.394833
"368",0.726659,0.141332,9.851451
"369",0.89648,0.110854,-2.572075
"370",0.801449,0.117906,5.599201
"371",0.598425,0.11592,-12.24949
"372",0.640154,0.117911,-1.427511
"373",0.623244,0.130021,-1.606913
"374",0.5964,0.098031,5.746517
"375",0.664159,0.121826,6.64966
"376",0.94885,0.125587,-1.10586
"377",0.692292,0.124409,-0.585884
"378",0.63888,0.131867,2.523422
"379",0.621368,0.101403,-3.790441
"380",0.746069,0.151392,-6.346247
"381",0.759159,0.098861,-1.339229
"382",0.6762,0.113276,0.830277
"383",0.629,0.113619,3.630967
"384",0.631407,0.124766,0.884637
"385",0.664762,0.133462,20.588391
"386",0.69421,0.104624,-0.772778
"387",0.827468,0.135289,-1.909244
"388",0.670818,0.140644,13.145197
"389",0.669022,0.131093,-0.545235
"390",0.646873,0.145979,-11.461303
"391",0.61285,0.111287,13.538993
"392",0.63295,0.119228,4.11338
"393",0.653724,0.096914,-1.049231
"394",0.608001,0.10498,-1.386594
"395",0.62241,0.113154,-1.105969
"396",0.677808,0.134023,-3.488614
"397",0.627435,0.126319,0.223759
"398",0.629579,0.106585,0.701819
"399",0.609895,0.114771,1.725541
"400",0.629479,0.123591,-0.62209
"401",0.617895,0.093989,0.015449
"402",0.426835,0.097422,-0.819466
"403",0.635479,0.108664,-0.18635
"404",0.629209,0.102858,0.292336
"405",0.633256,0.123095,0.840981
"406",0.630304,0.115338,-0.302473
"407",0.614255,0.122848,0.042699
"408",0.632101,0.121042,0.684339
"409",0.839583,0.107903,-1.250981
"410",0.522281,0.124351,-0.74729
"411",0.684619,0.122193,-0.124764
"412",0.691426,0.145723,19.540965
"413",0.574294,0.094305,1.635084
"414",0.607317,0.112282,-10.331976
"415",0.701479,0.097459,1.38452
"416",0.601095,0.147191,-3.747378
"417",0.658085,0.108404,6.001661
"418",0.74435,0.121348,1.428182
"419",0.629926,0.130317,-8.746129
"420",0.605179,0.1242,2.869881
"421",0.778275,0.124928,-2.00885
"422",0.676903,0.134937,-0.019834
"423",0.829294,0.134804,-2.850997
"424",0.735215,0.134679,-3.197291
"425",0.753012,0.120802,-5.35765
"426",0.667794,0.123119,1.015088
"427",0.717446,0.108715,7.132692
"428",0.577928,0.114126,-7.102628
"429",0.728815,0.110024,-1.959181
"430",0.715334,0.110294,-5.715225
"431",0.549004,0.111435,-2.542871
"432",0.58205,0.10652,-2.556477
"433",0.55646,0.11228,-2.368569
"434",0.647877,0.124862,-2.008845
"435",0.602107,0.11225,0.8377
"436",0.661436,0.123184,-2.742469
"437",0.559956,0.109054,2.15311
"438",0.615399,0.110691,1.529473
"439",0.575504,0.135052,-1.286031
"440",0.625258,0.103372,2.610896
"441",0.616911,0.123909,-4.43767
"442",0.658658,0.116233,3.010058
"443",0.690801,0.124908,2.492746
"444",0.6122,0.106601,-0.287653
"445",0.638359,0.121593,1.461318
"446",0.600347,0.100123,2.623955
"447",0.60692,0.122477,0.991441
"448",0.610856,0.133389,1.577121
"449",0.63115,0.12081,-1.476729
"450",0.517579,0.139559,2.368557
"451",0.630969,0.102616,3.634743
"452",0.622861,0.100073,-1.449757
"453",0.62246,0.106443,0.27605
"454",0.626186,0.113648,1.438187
"455",0.602876,0.1064,0.368591
"456",0.633879,0.117399,1.804548
"457",0.628968,0.09766,0.136062
"458",0.628143,0.117944,-2.611379
"459",0.668599,0.094296,-0.863631
"460",0.654644,0.107473,1.381351
"461",0.706801,0.124615,-0.126762
"462",0.647004,0.128028,0.884638
"463",0.711383,0.107359,5.327287
"464",0.527798,0.097862,-4.900929
"465",0.63005,0.125691,4.954355
"466",0.620958,0.084367,-5.663592
"467",0.648741,0.104945,0.400826
"468",0.596534,0.140942,-1.603435
"469",0.629103,0.1103,3.425841
"470",0.595443,0.118072,1.541841
"471",0.600363,0.106976,2.450878
"472",0.595396,0.107347,-0.928834
"473",0.602412,0.099655,-1.382647
"474",0.658299,0.147335,-24.875198
"475",0.625186,0.12426,2.544559
"476",0.796814,0.123974,0.914696
"477",0.714278,0.128644,0.457316
"478",0.583312,0.128696,0.137637
"479",0.696764,0.129817,-1.871372
"480",0.609448,0.130574,1.117306
"481",0.785419,0.130553,1.472403
"482",0.637322,0.130742,-2.4995
"483",0.733053,0.140438,-2.32105
"484",0.580266,0.122449,-0.993554
"485",0.63021,0.115546,5.849442
"486",0.622248,0.117411,-2.626681
"487",0.607462,0.118091,4.387799
"488",0.602582,0.091576,3.551428
"489",0.753181,0.114824,1.499021
"490",0.662284,0.106809,1.626126
"491",0.748557,0.130402,1.661686
"492",0.69416,0.110934,0.303387
"493",0.587124,0.117794,-1.544218
"494",0.701104,0.099499,0.996286
"495",0.577927,0.121903,3.336282
"496",0.580882,0.117028,2.59879
"497",0.611582,0.094713,-1.701265
"498",0.752293,0.12615,-1.319192
"499",0.61765,0.143381,-13.454606
"500",0.722127,0.10665,-0.594232
"501",0.949339,0.107966,1.950911
"502",0.597702,0.097948,-3.704133
"503",0.630258,0.120407,9.755665
"504",0.692693,0.092964,-3.241128
"505",0.729149,0.119947,5.313949
"506",0.656494,0.129748,-7.936492
"507",0.620973,0.120805,1.223163
"508",0.619334,0.11666,-1.525109
"509",0.631683,0.146808,-5.552326
"510",0.632859,0.140296,3.402814
"511",0.635152,0.112862,2.014867
"512",0.644169,0.109185,3.922402
"513",0.681867,0.13956,-1.487292
"514",0.606299,0.106558,3.154196
"515",0.64107,0.147224,18.724347
"516",0.749639,0.126958,-16.223485
"517",0.630896,0.122999,2.869074
"518",0.629673,0.107259,1.979857
"519",0.621532,0.117567,-3.800845
"520",0.614887,0.119671,1.96221
"521",0.605676,0.103906,-0.36008
"522",0.580085,0.097395,-4.538037
"523",0.62389,0.135832,5.723903
"524",0.67178,0.128407,4.72041
"525",0.565636,0.136467,-3.40797
"526",0.653923,0.13527,-1.96285
"527",0.760861,0.116357,-9.504274
"528",0.939019,0.106578,3.922378
"529",0.668207,0.118713,-5.610106
"530",0.734913,0.126014,-1.003579
"531",0.716009,0.094962,-1.436839
"532",0.699078,0.122991,-1.62132
"533",0.635982,0.093703,4.35862
"534",0.915813,0.11237,2.564
"535",0.636863,0.116791,-2.217107
"536",0.684615,0.13244,3.582538
"537",0.614968,0.10783,-3.402597
"538",0.740226,0.101144,-3.081035
"539",0.531742,0.11644,1.970325
"540",0.627615,0.109991,-4.904554
"541",0.632824,0.104426,-5.405176
"542",0.561274,0.097729,9.174949
"543",0.660291,0.124255,-1.560578
"544",0.585592,0.125561,4.063868
"545",0.593266,0.113409,-0.307955
"546",0.608489,0.106891,3.07758
"547",0.78526,0.130507,-10.174693
"548",0.693733,0.124469,-3.742648
"549",0.558466,0.107668,-3.381676
"550",0.687763,0.118397,-2.817483
"551",0.62077,0.130624,-3.204403
"552",0.7698,0.119972,0.244713
"553",0.658832,0.11769,-3.112543
"554",0.581957,0.11629,7.336468
"555",0.690059,0.112972,10.664036
"556",0.739258,0.088378,-5.006045
"557",0.686966,0.126286,5.339599
"558",0.653914,0.118073,2.974604
"559",0.699074,0.125424,3.568604
"560",0.683426,0.090885,-6.424742
"561",0.691812,0.128103,2.651411
"562",0.625754,0.110602,-8.037394
"563",0.629276,0.130837,11.867173
"564",0.679174,0.13089,-5.451139
"565",0.659358,0.109664,-4.163893
"566",0.640471,0.119395,2.184093
"567",0.607149,0.11667,-7.659886
"568",0.608446,0.119396,0.260431
"569",0.744987,0.107184,-8.227468
"570",0.695553,0.127413,-4.580355
"571",0.686338,0.104102,1.552746
"572",0.702015,0.113841,4.89321
"573",0.805198,0.112118,-1.031091
"574",0.847013,0.116798,2.709573
"575",0.603631,0.14545,14.704917
"576",0.531618,0.129501,2.889155
"577",0.636507,0.10734,0.637336
"578",0.891925,0.149379,6.612748
"579",0.582371,0.123232,7.906917
"580",0.615088,0.114754,2.446469
"581",0.58476,0.12353,1.131827
"582",0.748556,0.094642,-1.583556
"583",0.713001,0.096179,-3.831919
"584",0.61145,0.098263,0.38744
"585",0.567607,0.115075,-1.230652
"586",0.710219,0.110916,-5.687285
"587",0.669707,0.146212,-10.450509
"588",0.719541,0.169547,0.320874
"589",0.64082,0.118225,6.439811
"590",0.971498,0.106039,-1.248156
"591",0.592103,0.106419,1.680454
"592",0.593995,0.120408,-0.355117
"593",0.602391,0.115095,-0.063799
"594",0.872453,0.104606,0.49665
"595",0.612304,0.105938,-1.985144
"596",0.619004,0.110607,-0.789625
"597",0.829551,0.119581,3.807261
"598",0.693371,0.126958,7.913188
"599",0.689819,0.131133,-1.642491
"600",0.814938,0.133765,0.244382
"601",0.658164,0.124597,2.421209
"602",0.619927,0.118205,-4.936369
"603",0.648928,0.129537,0.77858
"604",0.665024,0.108799,-3.565276
"605",0.630721,0.126862,-13.869097
"606",0.622416,0.148099,-14.712439
"607",0.666154,0.103098,3.302194
"608",0.812847,0.106858,-1.457798
"609",0.673902,0.129998,4.3772
"610",0.883846,0.106996,1.1384
"611",0.668106,0.129735,2.771385
"612",0.565088,0.103316,-8.846582
"613",0.599742,0.112785,4.319182
"614",0.685255,0.112447,3.59657
"615",0.644936,0.106864,-0.837805
"616",0.799162,0.118588,-0.111888
"617",0.560994,0.146529,-24.556205
"618",0.578039,0.107565,5.150922
"619",0.526972,0.099723,1.600733
"620",0.689478,0.09982,1.087286
"621",0.681536,0.138822,-2.602214
"622",0.634328,0.106937,-3.465631
"623",0.621538,0.096842,3.535664
"624",0.608553,0.109032,3.023703
"625",0.723764,0.116703,0.387611
"626",0.674424,0.116936,-6.176253
"627",0.626516,0.117851,-2.682708
"628",0.497786,0.122524,0.254508
"629",0.627005,0.090035,2.426279
"630",0.520839,0.097652,-8.920105
"631",0.629771,0.100838,2.884119
"632",0.658754,0.113996,-2.994486
"633",0.685188,0.108842,-1.549835
"634",0.568703,0.108479,-0.446562
"635",0.770193,0.115313,0.893243
"636",0.580355,0.117524,-3.336126
"637",0.744406,0.109785,2.548666
"638",0.550372,0.109789,-1.334869
"639",0.661353,0.116215,-3.767994
"640",0.685857,0.10613,2.360315
"641",0.731395,0.100486,-2.272018
"642",0.580386,0.109292,1.521193
"643",0.65989,0.097821,1.704065
"644",0.611173,0.109674,0.388625
"645",0.84879,0.10012,-0.506433
"646",0.918556,0.10488,-4.043283
"647",0.706114,0.122814,2.393437
"648",0.691895,0.100264,0.149583
"649",0.673635,0.102617,-3.700215
"650",0.766697,0.144345,-3.861717
"651",0.656277,0.098365,2.351935
"652",0.672354,0.111975,2.187109
"653",0.681352,0.119594,-1.135195
"654",0.591845,0.120951,1.710244
"655",0.522002,0.118515,-18.203353
"656",0.577197,0.107366,-6.477135
"657",0.542747,0.104091,-2.616795
"658",0.690943,0.101548,-3.918019
"659",0.589831,0.121829,0.611252
"660",0.61571,0.105941,0.15088
"661",0.617491,0.102563,-3.980341
"662",0.642139,0.10212,6.007409
"663",0.562604,0.109401,-6.589208
"664",0.629972,0.112568,-4.36734
"665",0.662245,0.115729,-0.538342
"666",0.700038,0.106735,2.04797
"667",0.673645,0.128304,6.778941
"668",0.607299,0.129707,0.44111
"669",0.708612,0.126045,3.266231
"670",0.624633,0.116414,4.225769
"671",0.820191,0.127362,0.908928
"672",0.703656,0.110895,2.818623
"673",0.560667,0.102242,1.06613
"674",0.691317,0.104912,-1.542616
"675",0.586569,0.08825,-3.364365
"676",0.637719,0.114392,-0.280474
"677",0.649966,0.1294,0.797159
"678",0.702075,0.113018,-0.252056
"679",0.594388,0.12741,-0.482436
"680",0.594548,0.122059,1.254258
"681",0.784169,0.097703,0.062498
"682",0.800991,0.097503,1.559506
"683",0.545372,0.108983,6.681996
"684",0.601654,0.112224,4.811581
"685",0.583856,0.126366,-16.492486
"686",0.584886,0.101797,2.212135
"687",0.649112,0.101945,1.03097
"688",0.755825,0.112062,-1.130914
"689",0.912762,0.098051,0.386459
"690",0.628976,0.137533,-15.768156
"691",0.642743,0.109841,-2.490325
"692",0.718739,0.118336,3.210289
"693",0.688992,0.102791,-2.403034
"694",0.937783,0.113554,2.074465
"695",0.690167,0.100076,1.712304
"696",0.560139,0.091758,0.346434
"697",0.793429,0.103414,-4.281373
"698",0.727404,0.108964,1.471735
"699",0.641449,0.12072,-2.489179
"700",0.604378,0.105696,9.488075
"701",0.688525,0.133704,-21.481224
"702",0.655959,0.112568,13.833413
"703",0.645812,0.125541,9.983823
"704",0.641001,0.106291,-4.078736
"705",0.849748,0.099931,-0.535496
"706",0.694056,0.12267,-0.887148
"707",0.578181,0.11878,2.147914
"708",0.631184,0.115041,0.884457
"709",0.624498,0.104569,-0.670087
"710",0.634323,0.118578,3.968975
"711",0.914747,0.110962,-1.139678
"712",0.589899,0.102398,-1.280567
"713",0.620969,0.108048,1.05992
"714",0.651566,0.122502,-0.689914
"715",0.90916,0.131781,-0.008805
"716",0.576927,0.110054,2.432865
"717",0.628464,0.102278,-1.804966
"718",0.814022,0.121727,5.539812
"719",0.628952,0.097697,0.326626
"720",0.658401,0.091921,4.280782
"721",0.826042,0.10491,1.1559
"722",0.812264,0.100445,-0.419357
"723",0.610116,0.096076,2.781741
"724",0.628785,0.097805,0.237333
"725",0.799694,0.116861,-0.435324
"726",0.857521,0.094986,2.315406
"727",0.649657,0.104508,-4.154802
"728",0.635315,0.102734,-1.685455
"729",0.605954,0.108246,-2.602535
"730",0.523357,0.120606,2.4335
"731",0.627335,0.131053,-9.250152
"732",0.775761,0.092189,1.230989
"733",0.696392,0.129395,-1.754301
"734",0.637157,0.103456,2.133267
"735",0.730888,0.09708,-0.748016
"736",0.632298,0.112395,0.985556
"737",0.61682,0.11747,-2.920762
"738",0.653056,0.112082,-0.942728
"739",0.609216,0.111367,0.887677
"740",0.620599,0.124156,-1.964423
"741",0.582994,0.096378,-1.438596
"742",0.671486,0.120701,-1.152008
"743",0.65452,0.127183,14.41934
"744",0.678927,0.11043,-0.367374
"745",0.764796,0.102405,0.951876
"746",0.604969,0.107552,2.720327
"747",0.697974,0.114797,0.178619
"748",0.671914,0.111351,1.184289
"749",0.692601,0.125325,0.555898
"750",0.699481,0.108335,3.54324
"751",0.495861,0.091256,-2.536723
"752",0.701603,0.12158,2.609907
"753",0.604084,0.097996,-2.062533
"754",0.592421,0.089877,-2.554256
"755",0.700972,0.114595,-1.271291
"756",0.588638,0.101024,4.17402
"757",0.652598,0.101311,1.902033
"758",0.532022,0.112166,5.286041
"759",0.679473,0.11795,3.338338
"760",0.622928,0.105246,-2.85377
"761",0.588518,0.121403,-6.59395
"762",0.634732,0.125174,-6.334407
"763",0.510214,0.128058,6.468767
"764",0.661929,0.128051,2.596536
"765",0.684333,0.102336,-2.833266
"766",0.614952,0.113574,-0.85967
"767",0.674482,0.109462,-1.092787
"768",0.783037,0.09072,2.947582
"769",0.718015,0.106484,-0.350427
"770",0.62707,0.113587,-1.221524
"771",0.592677,0.104088,0.604804
"772",0.651474,0.094119,0.506177
"773",0.546006,0.097096,-0.868323
"774",0.622774,0.098454,-3.338134
"775",0.630301,0.102305,-1.167685
"776",0.574985,0.098167,-1.081735
"777",0.754843,0.097489,-1.230193
"778",0.612723,0.130674,4.995452
"779",0.683067,0.107606,-2.863808
"780",0.622164,0.099944,1.811699
"781",0.785486,0.111898,-0.968081
"782",0.605513,0.111459,3.500811
"783",0.62866,0.134229,-1.767715
"784",0.635121,0.099478,2.080777
"785",0.721351,0.098827,0.910625
"786",0.777317,0.110404,-2.54281
"787",0.687075,0.116666,-1.801711
"788",0.590018,0.106279,-2.483493
"789",0.651473,0.130736,-3.41678
"790",0.570505,0.113696,0.40324
"791",0.810371,0.116629,-1.556828
"792",0.650089,0.130579,-0.335378
"793",0.588707,0.116105,-1.628428
"794",0.73404,0.113099,0.459232
"795",0.565781,0.098204,-0.764784
"796",0.690018,0.101894,1.461491
"797",0.664509,0.123218,1.905838
"798",0.653768,0.106714,1.969347
"799",0.704109,0.119119,0.440233
"800",0.759185,0.101909,-1.293129
"801",0.531056,0.112961,-0.664459
"802",0.539457,0.112099,0.914221
"803",0.625275,0.107863,1.333589
"804",0.605686,0.111264,-0.071138
"805",0.718878,0.114798,-0.478705
"806",0.636936,0.115435,-1.087793
"807",0.580242,0.102864,0.516632
"808",0.573967,0.097538,-1.676449
"809",0.581981,0.103724,-0.906232
"810",0.611704,0.106524,-0.37091
"811",0.669736,0.126591,-5.26793
"812",0.600598,0.098034,-3.334203
"813",0.643746,0.109015,-4.565939
"814",0.589105,0.115814,2.719886
"815",0.680491,0.104678,0.394682
"816",0.643044,0.114148,-3.703905
"817",0.715687,0.129014,3.546153
"818",0.574064,0.112501,-5.084604
"819",0.600093,0.122565,-6.782504
"820",0.566827,0.117011,-9.184259
"821",0.558013,0.187692,-3.358829
"822",0.591732,0.133143,-1.153974
"823",0.60783,0.117019,6.309012
"824",0.644358,0.137103,-7.922448
"825",0.613102,0.103061,-6.118635
"826",0.582256,0.11812,-1.754775
"827",0.631225,0.102924,-0.633757
"828",0.622245,0.144938,-8.72438
"829",0.579718,0.118105,-6.018064
"830",0.609068,0.093132,0.608407
"831",0.65517,0.128502,9.956013
"832",0.647969,0.095126,5.695978
"833",0.863716,0.11088,-6.194895
"834",0.62953,0.10844,2.768493
"835",0.659935,0.107242,-2.021849
"836",0.716383,0.123708,3.462978
"837",0.608888,0.096113,1.74599
"838",0.771663,0.094958,-2.016279
"839",0.805359,0.130612,-2.730605
"840",0.771598,0.10495,-4.344202
"841",0.633853,0.112573,-0.009941
"842",0.690743,0.113813,1.562862
"843",0.711467,0.126134,-1.280439
"844",0.591424,0.135793,-2.504873
"845",0.69791,0.121796,1.24176
"846",0.763602,0.115718,-0.123904
"847",0.86845,0.126009,-7.35332
"848",0.645814,0.137464,-24.173406
"849",0.627553,0.110342,0.755856
"850",0.657127,0.105769,-2.607164
"851",0.940581,0.106205,3.796514
"852",0.620588,0.102865,2.060263
"853",0.863569,0.110003,-3.237594
"854",0.603867,0.106685,2.048531
"855",0.751323,0.11075,-4.329531
"856",0.844256,0.109316,-1.715474
"857",0.587716,0.136926,-6.027976
"858",0.635134,0.125089,7.024522
"859",0.867409,0.126775,-4.113514
"860",0.777178,0.095391,1.205308
"861",0.587572,0.123009,7.886991
"862",0.653575,0.096819,-0.964138
"863",0.692646,0.098603,2.48137
"864",0.750468,0.097671,-1.939137
"865",0.774237,0.125712,-5.649384
"866",0.700975,0.127324,-10.034452
"867",0.951718,0.099763,0.729717
"868",0.641476,0.108805,1.861947
"869",0.670621,0.126433,6.767091
"870",0.666794,0.098668,-1.456899
"871",0.66089,0.11659,-2.105983
"872",0.733297,0.136168,3.32736
"873",0.627617,0.121294,4.613264
"874",0.688532,0.102278,4.298697
"875",0.570298,0.131884,1.552233
"876",0.712837,0.110825,1.405341
"877",0.625477,0.116035,-5.491663
"878",0.78362,0.134336,4.571615
"879",0.695799,0.116423,4.55895
"880",0.609356,0.12427,10.580009
"881",0.803991,0.100194,-0.163369
"882",0.539423,0.106033,-0.409763
"883",0.622109,0.12646,1.096472
"884",0.64426,0.1182,-6.94593
"885",0.753885,0.096539,-1.137708
"886",0.818832,0.13509,-2.740243
"887",0.580133,0.099778,-6.078478
"888",0.56243,0.100995,-1.10405
"889",0.680231,0.098708,-1.081731
"890",0.674317,0.10464,4.839433
"891",0.690119,0.1214,1.579174
"892",0.665006,0.125588,-4.991639
"893",0.685053,0.144921,2.009196
"894",0.80409,0.12616,1.948963
"895",0.60715,0.110772,-3.823444
"896",0.81487,0.095282,2.984279
"897",0.736314,0.122393,-2.434499
"898",0.568428,0.114799,1.08918
"899",0.626583,0.122082,3.108946
"900",0.873454,0.112496,5.431136
"901",0.794994,0.145042,25.824352
"902",0.791696,0.13248,-2.865022
"903",0.652824,0.105432,0.219151
"904",0.663724,0.105726,-1.037817
"905",0.590631,0.10551,2.744316
"906",0.673187,0.123075,0.625801
"907",0.707023,0.117111,-1.532634
"908",0.688491,0.108052,1.02984
"909",0.660568,0.120095,-7.794346
"910",0.66553,0.124727,1.490382
"911",0.719236,0.127042,1.374886
"912",0.575178,0.095264,-1.452374
"913",0.637311,0.12371,-3.380828
"914",0.678069,0.107341,1.484391
"915",0.668941,0.129459,4.023317
"916",0.652947,0.104334,-0.517339
"917",0.659517,0.089188,-1.046035
"918",0.675499,0.107905,0.753888
"919",0.68881,0.110117,0.220909
"920",0.823942,0.139586,-10.046688
"921",0.625439,0.10022,-0.080095
"922",0.587626,0.103506,1.412547
"923",0.89358,0.127585,-1.951448
"924",0.697216,0.122039,-1.788639
"925",0.663486,0.132956,-10.001012
"926",0.706936,0.09884,-4.237787
"927",0.677479,0.1204,-4.536783
"928",0.704646,0.118075,3.505293
"929",0.623565,0.101392,0.489738
"930",0.619029,0.108912,8.128393
"931",0.685343,0.110524,-2.724945
"932",0.548882,0.127778,10.185787
"933",0.635807,0.128849,-0.289533
"934",0.643305,0.108734,1.202266
"935",0.739169,0.101121,4.074023
"936",0.733927,0.136806,-0.670868
"937",0.724964,0.126664,-2.285679
"938",0.775862,0.127836,0.855663
"939",0.653273,0.133841,4.863853
"940",0.621331,0.124542,0.480245
"941",0.648658,0.122774,-3.520202
"942",0.701852,0.121165,-0.908017
"943",0.632085,0.100584,2.606947
"944",0.64894,0.094934,1.428957
"945",0.711485,0.122023,0.7741
"946",0.60484,0.124194,-0.13608
"947",0.590183,0.116717,13.912584
"948",0.625686,0.120792,0.552484
"949",0.897561,0.120808,-0.462056
"950",0.584507,0.128691,3.00317
"951",0.580715,0.117391,6.650887
"952",0.512164,0.103172,1.753022
"953",0.610062,0.109332,2.918535
"954",0.625331,0.115868,1.732446
"955",0.570514,0.105283,-3.288688
"956",0.625553,0.104745,2.510895
"957",0.601865,0.128299,6.406605
"958",0.875783,0.105976,0.204776
"959",0.639592,0.129324,3.184132
"960",0.653267,0.111762,-0.901706
"961",0.608759,0.093698,-0.829534
"962",0.640686,0.090176,-0.646216
"963",0.688476,0.101156,1.362813
"964",0.604475,0.109331,-0.686417
"965",0.636451,0.111947,2.01525
"966",0.644031,0.096358,-6.839299
"967",0.855348,0.108527,1.391802
"968",0.63177,0.104098,6.624483
"969",0.548761,0.111642,-6.764428
"970",0.629056,0.140668,-8.807861
"971",0.598485,0.131757,20.223535
"972",0.668808,0.099964,-2.36164
"973",0.568161,0.100448,-11.248567
"974",0.641358,0.12175,-2.227694
"975",0.674254,0.106921,-0.637316
"976",0.51494,0.131344,4.852314
"977",0.618025,0.123609,-0.530709
"978",0.595003,0.101917,2.240503
"979",0.620584,0.089193,-3.809705
"980",0.676543,0.107653,-3.750609
"981",0.745182,0.110243,-0.639907
"982",0.579534,0.128937,-2.30048
"983",0.632869,0.114563,-5.398286
"984",0.764604,0.098944,0.240678
"985",0.818819,0.113445,5.192516
"986",0.664114,0.099054,-4.314093
"987",0.600279,0.098607,10.018659
"988",0.653304,0.109371,0.503995
"989",0.65241,0.101103,-5.815268
"990",0.721704,0.10517,-2.293375
"991",0.692778,0.109238,0.973621
"992",0.776806,0.091043,3.557454
"993",0.633036,0.109012,-3.583265
"994",0.693418,0.117541,-0.433223
"995",0.59316,0.110478,3.166513
"996",0.689683,0.122765,1.979852
"997",0.629697,0.117772,0.596994
"998",0.658719,0.125,-1.865901
"999",0.64269,0.102231,4.349076
"1000",0.778129,0.096655,1.660105
"1001",0.827807,0.12628,3.702108
"1002",0.5253,0.113975,-10.818134
"1003",0.645085,0.128006,-0.103376
"1004",0.622993,0.130193,-7.01123
"1005",0.751638,0.125878,-4.330748
"1006",0.61232,0.12039,-5.006511
"1007",0.644931,0.127785,4.395655
"1008",0.744697,0.107643,0.435112
"1009",0.632758,0.102799,-3.711606
"1010",0.759311,0.129674,1.216268
"1011",0.637944,0.117151,-1.602711
"1012",0.628908,0.118928,-3.279816
"1013",0.664265,0.121442,2.245322
"1014",0.651609,0.099232,-4.859855
"1015",0.695295,0.112625,4.767955
"1016",0.63676,0.101598,-4.034162
"1017",0.596294,0.100978,-2.128811
"1018",0.566705,0.100532,-1.512617
"1019",0.818141,0.098819,0.654713
"1020",0.681758,0.118776,-0.467948
"1021",0.602409,0.132816,5.937758
"1022",0.634699,0.132625,-0.034696
"1023",0.960506,0.105259,-0.641198
"1024",0.662185,0.118952,-2.866395
"1025",0.679983,0.100771,-2.264155
"1026",0.804677,0.090624,0.016599
"1027",0.764276,0.124632,-8.951494
"1028",0.909077,0.129186,4.827491
"1029",0.648833,0.119985,4.962866
"1030",0.601207,0.140917,-8.740258
"1031",0.915522,0.13687,-1.130695
"1032",0.604736,0.200017,-9.204848
"1033",0.863527,0.121804,-2.193261
"1034",0.729356,0.125963,-2.331492
"1035",0.651769,0.117089,-1.64291
"1036",0.730073,0.131814,-1.333754
"1037",0.642867,0.124683,-2.580251
"1038",0.728158,0.095757,1.992545
"1039",0.664856,0.116853,-0.316359
"1040",0.575373,0.114582,-1.368412
"1041",0.756607,0.105039,0.611976
"1042",0.574784,0.102971,5.217554
"1043",0.634776,0.113428,2.921678
"1044",0.678118,0.122024,1.597016
"1045",0.670534,0.134568,-2.944936
"1046",0.861798,0.132397,-2.728312
"1047",0.798671,0.127176,5.849766
"1048",0.610453,0.130333,4.105493
"1049",0.759245,0.108532,5.876674
"1050",0.522201,0.142289,-25.325779
"1051",0.694419,0.139201,-3.029862
"1052",0.69779,0.113758,7.528951
"1053",0.478352,0.130599,-0.032371
"1054",0.706301,0.126628,1.287264
"1055",0.593466,0.130716,0.41161
"1056",0.72728,0.132598,-0.310534
"1057",0.627547,0.114723,-0.654576
"1058",0.622568,0.116097,-0.333116
"1059",0.633765,0.090018,2.185975
"1060",0.669317,0.125507,1.806741
"1061",0.893809,0.098346,16.614415
"1062",0.720842,0.111697,-5.182711
"1063",0.584232,0.131526,-3.817989
"1064",0.725082,0.108221,0.820737
"1065",0.631575,0.122455,-8.556905
"1066",0.838817,0.113938,-2.841082
"1067",0.775904,0.135943,2.663997
"1068",0.606536,0.114719,-6.177078
"1069",0.849991,0.109195,-4.66207
"1070",0.597538,0.141284,-4.315549
"1071",0.722909,0.130124,-4.035903
"1072",0.629566,0.123236,0.247348
"1073",0.762465,0.119944,-0.346269
"1074",0.739374,0.119192,0.519316
"1075",0.530825,0.1245,2.883309
"1076",0.723795,0.110955,-0.026662
"1077",0.611499,0.10865,0.265522
"1078",0.58184,0.123732,-2.702142
"1079",0.560318,0.117173,0.272406
"1080",0.538538,0.118968,1.079799
"1081",0.575247,0.118983,-4.897306
"1082",0.64436,0.096352,-1.274403
"1083",0.525435,0.100209,1.830698
"1084",0.624014,0.119942,-3.116621
"1085",0.700867,0.103881,-0.18674
"1086",0.681441,0.13014,-2.409624
"1087",0.664067,0.110383,-2.240381
"1088",0.710245,0.093739,0.148915
"1089",0.84304,0.124371,0.544538
"1090",0.610769,0.104464,-0.998225
"1091",0.635853,0.113766,-3.606211
"1092",0.717998,0.133132,0.079325
"1093",0.811035,0.109835,2.097465
"1094",0.593211,0.12905,-1.884052
"1095",0.579508,0.108508,0.393185
"1096",0.66157,0.131901,-2.753745
"1097",0.699082,0.128404,-1.975503
"1098",0.633335,0.110817,0.304374
"1099",0.616214,0.108277,-1.819821
"1100",0.745102,0.115596,-0.656958
"1101",0.619242,0.121138,0.562789
"1102",0.636782,0.119913,-2.290014
"1103",0.641866,0.108639,-0.458487
"1104",0.666753,0.11592,-0.199886
"1105",0.584605,0.124563,-2.464374
"1106",0.648674,0.115124,1.32934
"1107",0.613401,0.111404,3.596135
"1108",0.669246,0.128062,-2.964809
"1109",0.80538,0.106872,-2.463704
"1110",0.622424,0.106664,-0.26595
"1111",0.666188,0.099818,0.054086
"1112",0.651501,0.124114,0.945159
"1113",0.722891,0.120687,-0.114417
"1114",0.535811,0.131515,-3.912938
"1115",0.892606,0.096915,-0.511174
"1116",0.681183,0.126973,1.337086
"1117",0.712157,0.121475,-1.782209
"1118",0.827028,0.129903,0.59415
"1119",0.6629,0.1334,-0.060046
"1120",0.674138,0.116861,-0.476274
"1121",0.663253,0.107249,-1.699303
"1122",0.747202,0.135115,-0.142509
"1123",0.703931,0.139019,-13.602674
"1124",0.785838,0.099855,0.718885
"1125",0.621595,0.098812,7.123432
"1126",0.901835,0.13764,0.568754
"1127",0.759556,0.10584,-0.149038
"1128",0.844469,0.136193,1.856913
"1129",0.751411,0.153968,-4.179473
"1130",0.670787,0.107347,-1.397126
"1131",0.624943,0.122977,19.259095
"1132",0.717995,0.11723,-14.772234
"1133",0.771581,0.118006,1.914108
"1134",0.650534,0.130687,4.652319
"1135",0.748232,0.120573,-0.706044
"1136",0.589056,0.096392,-8.6597
"1137",0.532875,0.116846,8.547193
"1138",0.69828,0.105475,-4.213141
"1139",0.576462,0.125493,-13.73848
"1140",0.841698,0.124226,7.679829
"1141",0.752485,0.123612,3.21744
"1142",0.634779,0.116982,2.949728
"1143",0.599647,0.128836,1.802092
"1144",0.820529,0.122802,0.824273
"1145",0.610789,0.116001,-13.136674
"1146",0.711799,0.121739,-2.79223
"1147",0.602871,0.112526,-5.479475
"1148",0.714402,0.12531,-3.795441
"1149",0.66494,0.118968,1.787618
"1150",0.849043,0.130652,-1.467889
"1151",0.61621,0.110467,-6.215258
"1152",0.59699,0.112543,-5.585317
"1153",0.738161,0.105664,-0.386079
"1154",0.596707,0.099752,-1.528698
"1155",0.603132,0.098868,0.887389
"1156",0.617733,0.112238,-4.16016
"1157",0.594066,0.132533,-0.625702
"1158",0.682697,0.131734,1.860814
"1159",0.653378,0.134965,-6.624593
"1160",0.689921,0.129909,-29.610769
"1161",0.708375,0.111074,0.989501
"1162",0.658809,0.129748,3.247683
"1163",0.655759,0.095184,0.198944
"1164",0.663194,0.107325,0.779201
"1165",0.693361,0.102902,3.703886
"1166",0.645914,0.102622,2.759527
"1167",0.733996,0.106387,0.441919
"1168",0.707043,0.098605,-3.792645
"1169",0.735641,0.1199,-1.301064
"1170",0.607654,0.096765,-3.044874
"1171",0.595163,0.13275,-10.576544
"1172",0.581854,0.116248,5.868923
"1173",0.629438,0.108074,2.787517
"1174",0.602334,0.114545,2.127755
"1175",0.86856,0.105689,-1.221721
"1176",0.623081,0.123831,-4.593804
"1177",0.632208,0.118385,-2.912704
"1178",0.764475,0.11027,7.236454
"1179",0.607894,0.115112,-2.957355
"1180",0.708312,0.110849,-0.913075
"1181",0.553976,0.116414,-5.428712
"1182",0.602625,0.0954,1.152334
"1183",0.647501,0.110175,-2.031826
"1184",0.639532,0.106433,-3.146823
"1185",0.643427,0.128592,1.496491
"1186",0.604427,0.118635,2.678741
"1187",0.585541,0.106196,0.553139
"1188",0.633034,0.1102,-1.687989
"1189",0.736254,0.124197,2.408312
"1190",0.747286,0.131617,0.406794
"1191",0.642281,0.129344,3.75535
"1192",0.602106,0.13086,4.606976
"1193",0.573362,0.113269,-4.300047
"1194",0.547159,0.111664,-6.45987
"1195",0.657279,0.124967,-2.711313
"1196",0.627892,0.129264,-3.151849
"1197",0.561289,0.130289,-0.39741
"1198",0.687635,0.116769,2.655688
"1199",0.642467,0.10822,0.18916
"1200",0.577488,0.123833,3.958376
"1201",0.717648,0.097125,3.067593
"1202",0.593995,0.107639,2.916483
"1203",0.689002,0.132735,2.797726
"1204",0.619661,0.114047,-2.563822
"1205",0.711931,0.132017,-2.711382
"1206",0.605851,0.101625,-2.684678
"1207",0.783913,0.104912,0.938835
"1208",0.746871,0.123945,-0.210173
"1209",0.672885,0.131286,-3.496752
"1210",0.529323,0.106624,-1.794645
"1211",0.4909,0.133494,0.731161
"1212",0.512268,0.129482,2.172332
"1213",0.653993,0.103644,1.545324
"1214",0.612748,0.124836,-3.69267
"1215",0.522338,0.127882,1.391392
"1216",0.685432,0.106509,-0.111551
"1217",0.520133,0.123011,0.991996
"1218",0.565286,0.126412,1.812516
"1219",0.56014,0.108758,-1.819298
"1220",0.639927,0.128257,2.357215
"1221",0.583602,0.108352,0.574226
"1222",0.796928,0.114695,0.875449
"1223",0.664748,0.098555,-2.205008
"1224",0.619371,0.118587,0.796805
"1225",0.52333,0.100004,0.45327
"1226",0.534503,0.104102,-0.119402
"1227",0.818137,0.119451,-0.14823
"1228",0.575735,0.105193,0.335331
"1229",0.67368,0.126696,-3.31716
"1230",0.684289,0.117135,-2.882566
"1231",0.773559,0.117028,-1.461524
"1232",0.665013,0.126252,1.178143
"1233",0.577338,0.121285,-1.695995
"1234",0.65948,0.129782,1.119043
"1235",0.420789,0.109674,0.526387
"1236",0.660231,0.131036,-1.605479
"1237",0.751456,0.116466,-1.423317
"1238",0.605519,0.130727,-1.721708
"1239",0.743231,0.12244,-1.025456
"1240",0.742227,0.11976,-2.534822
"1241",0.7866,0.114309,-1.653385
"1242",0.547768,0.112925,-2.567731
"1243",0.593027,0.124585,-1.430746
"1244",0.679888,0.121762,2.2658
"1245",0.670562,0.121257,1.486587
"1246",0.683819,0.10479,1.755925
"1247",0.667709,0.112656,-2.743588
"1248",0.500394,0.13344,-0.596259
"1249",0.670595,0.11586,0.648232
"1250",0.832064,0.124629,-1.725763
"1251",0.703875,0.128702,-3.025986
"1252",0.610406,0.126668,-0.804649
"1253",0.649769,0.129786,-1.266979
"1254",0.608846,0.115425,-1.584915
"1255",0.562254,0.114061,-0.866606
"1256",0.580069,0.11667,-0.576196
"1257",0.590319,0.097152,1.310736
"1258",0.605299,0.10264,0.079176
"1259",0.5708,0.136996,1.914452
"1260",0.579227,0.121215,0.478355
"1261",0.612883,0.12425,-1.991758
"1262",0.541727,0.127808,-0.369635
"1263",0.728643,0.117975,-3.23656
"1264",0.749546,0.111633,1.493295
"1265",0.695404,0.129573,1.625922
"1266",0.602733,0.123074,2.576844
"1267",0.674414,0.131404,1.819938
"1268",0.693459,0.12496,0.200366
"1269",0.539587,0.124077,0.136409
"1270",0.848404,0.11582,-0.376014
"1271",0.606427,0.118889,1.1064
"1272",0.745753,0.124921,1.252266
"1273",0.598546,0.111166,-0.205063
"1274",0.53866,0.106344,-0.053222
"1275",0.599947,0.132408,-0.650209
"1276",0.572058,0.1339,-6.044121
"1277",0.693735,0.135115,1.125221
"1278",0.628203,0.096449,0.502282
"1279",0.717798,0.104782,-0.680519
"1280",0.619075,0.110015,0.446096
"1281",0.679865,0.122134,3.979657
"1282",0.584647,0.121444,-4.486517
"1283",0.839734,0.126481,-0.867423
"1284",0.628134,0.128199,0.667768
"1285",0.517105,0.106721,-0.856234
"1286",0.530922,0.125667,-5.884966
"1287",0.582495,0.129226,0.37613
"1288",0.575252,0.113752,3.13676
"1289",0.586438,0.117114,1.475282
"1290",0.613313,0.104606,0.987504
"1291",0.593368,0.129953,-3.521556
"1292",0.539555,0.135818,-7.686066
"1293",0.597587,0.119984,-1.987467
"1294",0.621891,0.130789,-0.234555
"1295",0.769034,0.12578,-1.236863
"1296",0.860084,0.121427,-1.119746
"1297",0.718711,0.10467,2.598276
"1298",0.592426,0.125082,3.105478
"1299",0.648691,0.108558,-0.999124
"1300",0.598294,0.12336,2.102791
"1301",0.582314,0.114116,0.298167
"1302",0.612785,0.108033,-1.317568
"1303",0.744058,0.119368,0.26482
"1304",0.578097,0.122557,1.752969
"1305",0.698175,0.11231,1.239582
"1306",0.626021,0.134605,-0.678327
"1307",0.506999,0.12506,0.565378
"1308",0.647651,0.130692,-1.459512
"1309",0.715712,0.105848,0.195645
"1310",0.639257,0.104374,2.26248
"1311",0.582331,0.115135,-4.413804
"1312",0.609694,0.131377,-2.892058
"1313",0.615743,0.127041,-0.734024
"1314",0.65316,0.105933,2.438501
"1315",0.597941,0.116383,1.468047
"1316",0.696182,0.110512,2.100827
"1317",0.743373,0.113417,0.353866
"1318",0.67766,0.121235,2.229127
"1319",0.54166,0.136271,-11.339692
"1320",0.792513,0.112636,-1.611489
"1321",0.760697,0.100438,-3.627276
"1322",0.540689,0.13283,-3.932403
"1323",0.834482,0.119498,2.736717
"1324",0.676956,0.113778,-1.450544
"1325",0.602476,0.125125,-0.209407
"1326",0.642039,0.135998,-1.282591
"1327",0.493208,0.124388,4.187289
"1328",0.590377,0.123444,-2.301208
"1329",0.836369,0.122244,2.951986
"1330",0.581808,0.120497,2.807341
"1331",0.658298,0.109878,1.42742
"1332",0.629134,0.127177,1.888959
"1333",0.605629,0.115368,-2.104188
"1334",0.538825,0.1229,-2.316685
"1335",0.540909,0.121582,1.514985
"1336",0.621472,0.122319,-0.949874
"1337",0.579312,0.120224,-0.846329
"1338",0.610609,0.119164,0.194084
"1339",0.636508,0.117345,2.561204
"1340",0.582732,0.13023,-2.394664
"1341",0.698867,0.115282,-2.946711
"1342",0.609584,0.104258,0.227565
"1343",0.685602,0.102903,-1.679985
"1344",0.619211,0.121913,-1.273904
"1345",0.573831,0.126024,1.087245
"1346",0.59632,0.095038,0.805003
"1347",0.651145,0.123651,-0.65849
"1348",0.591885,0.096739,3.989849
"1349",0.696393,0.118703,-2.282498
"1350",0.642697,0.109341,-3.88535
"1351",0.579744,0.110672,-1.165449
"1352",0.567114,0.114363,0.057983
"1353",0.593296,0.106546,-0.660923
"1354",0.615749,0.108841,6.31884
"1355",0.659847,0.111238,1.018209
"1356",0.612822,0.103912,0.147708
"1357",0.665037,0.119847,-1.821457
"1358",0.68621,0.099642,-1.535909
"1359",0.697825,0.113078,-0.608407
"1360",0.568281,0.115428,-4.171991
"1361",0.596118,0.129036,3.551815
"1362",0.740526,0.100519,-1.248214
"1363",0.634128,0.121261,-1.536702
"1364",0.677923,0.125895,3.408221
"1365",0.633339,0.127408,4.264773
"1366",0.639747,0.127578,3.186297
"1367",0.55479,0.126495,4.050578
"1368",0.735969,0.135334,-0.233854
"1369",0.639696,0.120736,2.377352
"1370",0.597719,0.102715,3.224352
"1371",0.638899,0.09874,-0.803425
"1372",0.845832,0.122575,3.853065
"1373",0.761577,0.12423,-1.288469
"1374",0.632779,0.12958,1.138336
"1375",0.637069,0.124751,1.945811
"1376",0.628236,0.104351,-2.517302
"1377",0.632991,0.114709,2.086107
"1378",0.583451,0.097883,6.476615
"1379",0.477666,0.1277,-4.611819
"1380",0.922897,0.112964,-1.164197
"1381",0.616006,0.12004,1.282787
"1382",0.650265,0.120146,-1.792554
"1383",0.599607,0.127518,3.458416
"1384",0.650518,0.126488,1.557872
"1385",0.615493,0.126996,-1.967449
"1386",0.584189,0.127682,2.347576
"1387",0.631719,0.111429,0.538036
"1388",0.649021,0.108854,2.897119
"1389",0.624449,0.11072,-2.399793
"1390",0.680453,0.101775,1.070414
"1391",0.569136,0.114087,0.460963
"1392",0.662138,0.109534,2.296661
"1393",0.662965,0.10212,-0.875812
"1394",0.73733,0.105608,-2.524041
"1395",0.55355,0.125586,7.762315
"1396",0.730552,0.102098,1.52317
"1397",0.661707,0.104628,0.733204
"1398",0.690988,0.116486,-2.530696
"1399",0.659155,0.111793,1.884965
"1400",0.783701,0.129827,-0.90333
"1401",0.686184,0.097435,2.73884
"1402",0.59655,0.098685,1.19099
"1403",0.744004,0.103153,0.984593
"1404",0.76209,0.124835,-2.355446
"1405",0.639512,0.133204,1.472484
"1406",0.695462,0.125307,-2.560027
"1407",0.758795,0.117092,2.873124
"1408",0.565798,0.130442,-3.700545
"1409",0.502317,0.105082,2.174127
"1410",0.668681,0.110834,2.944096
"1411",0.722341,0.101515,-0.057458
"1412",0.806678,0.111364,1.370638
"1413",0.627213,0.099698,1.65996
"1414",0.658752,0.117245,-3.563652
"1415",0.652778,0.130877,0.018551
"1416",0.626664,0.100231,2.464681
"1417",0.824457,0.126761,-1.090884
"1418",0.751547,0.138822,-4.414833
"1419",0.784589,0.115035,-0.913303
"1420",0.6844,0.134239,0.365316
"1421",0.679179,0.132727,-0.240213
"1422",0.622348,0.131603,0.249319
"1423",0.527017,0.126961,5.098588
"1424",0.87018,0.116535,-1.370883
"1425",0.654455,0.129138,-1.938521
"1426",0.601485,0.131912,-1.286613
"1427",0.648835,0.123218,2.646683
"1428",0.579511,0.117243,-5.083351
"1429",0.617649,0.129252,-0.163823
"1430",0.69488,0.130306,2.825484
"1431",0.580089,0.118115,-0.685885
"1432",0.581249,0.114564,-1.187916
"1433",0.571166,0.118514,2.103364
"1434",0.629188,0.104043,4.559389
"1435",0.601832,0.130714,1.512918
"1436",0.592025,0.115009,-6.916589
"1437",0.675173,0.110011,-3.973429
"1438",0.654484,0.128069,-4.093634
"1439",0.664829,0.129272,-0.591135
"1440",0.60117,0.098789,-4.404369
"1441",0.619065,0.112888,0.414186
"1442",0.712579,0.114637,-0.0277
"1443",0.633662,0.118529,1.246546
"1444",0.626602,0.113507,-3.658432
"1445",0.704559,0.108206,1.280314
"1446",0.633795,0.104745,1.182789
"1447",0.665872,0.120391,-0.4248
"1448",0.580667,0.112741,3.047595
"1449",0.716055,0.129515,1.486279
"1450",0.721944,0.102841,-1.559499
"1451",0.588213,0.114775,2.144672
"1452",0.837667,0.118011,1.367462
"1453",0.594247,0.1069,0.028311
"1454",0.637681,0.12103,1.638005
"1455",0.606763,0.116969,-2.14387
"1456",0.68302,0.108425,0.960294
"1457",0.649319,0.109093,-0.532959
"1458",0.572746,0.104946,2.576467
"1459",0.679344,0.116498,-2.420873
"1460",0.639323,0.106717,-3.341514
"1461",0.727492,0.102821,-2.4764
"1462",0.716031,0.126887,-0.382993
"1463",0.576405,0.120041,3.926204
"1464",0.673307,0.101892,-2.765683
"1465",0.544715,0.126477,-0.34619
"1466",0.674978,0.119037,-2.034566
"1467",0.586816,0.15052,-4.057804
"1468",0.692556,0.120553,1.146033
"1469",0.638494,0.123904,2.961807
"1470",0.728854,0.12887,1.999333
"1471",0.747451,0.130235,0.414914
"1472",0.599812,0.108869,-1.761469
"1473",0.670689,0.123987,2.715742
"1474",0.636183,0.130703,-1.057213
"1475",0.624928,0.118016,1.186134
"1476",0.584865,0.098535,-1.696302
"1477",0.588084,0.096781,4.871872
"1478",0.763306,0.099319,-1.645548
"1479",0.625453,0.108849,-1.04031
"1480",0.504771,0.110052,-2.720585
"1481",0.608606,0.10478,-1.538713
"1482",0.627421,0.115416,-0.04565
"1483",0.54936,0.111614,3.957089
"1484",0.646449,0.106841,4.392393
"1485",0.76956,0.09916,-2.065905
"1486",0.570193,0.098991,-2.348137
"1487",0.685889,0.09621,2.119216
"1488",0.524891,0.111716,-1.9223
"1489",0.555481,0.09488,-2.069746
"1490",0.562203,0.102044,0.244426
"1491",0.660287,0.102994,0.003132
"1492",0.719761,0.100828,0.639775
"1493",0.671589,0.096112,-1.382315
"1494",0.641301,0.120489,1.511534
"1495",0.684847,0.120372,0.600569
"1496",0.645734,0.10527,-1.791859
"1497",0.621789,0.099444,-1.325864
"1498",0.667756,0.111644,-0.77441
"1499",0.621926,0.108281,-4.156186
"1500",0.65038,0.109024,-1.912377
"1501",0.646874,0.097592,3.605252
"1502",0.729547,0.098296,-2.675991
"1503",0.592682,0.100424,-4.871634
"1504",0.709587,0.121879,0.140742
"1505",0.694885,0.123186,3.478301
"1506",0.552927,0.114585,-0.63367
"1507",0.606645,0.126351,-4.724573
"1508",0.620755,0.112803,-0.36545
"1509",0.568531,0.103045,0.73361
"1510",0.636727,0.127621,2.004598
"1511",0.610974,0.108156,0.570567
"1512",0.697005,0.092787,-0.982675
"1513",0.62401,0.112923,0.052652
"1514",0.623708,0.109229,0.855315
"1515",0.746313,0.103108,-1.969307
"1516",0.616732,0.100644,-1.065735
"1517",0.653383,0.124714,2.917824
"1518",0.666648,0.113364,1.082684
"1519",0.684155,0.105627,2.282821
"1520",0.616766,0.122712,0.716838
"1521",0.661851,0.103332,0.164311
"1522",0.937093,0.108112,0.261163
"1523",0.668797,0.119123,2.598187
"1524",0.615987,0.123085,-3.597404
"1525",0.650113,0.111097,2.549741
"1526",0.636331,0.103013,-0.992456
"1527",0.665829,0.099792,-1.546892
"1528",0.584051,0.125673,-0.135506
"1529",0.617182,0.103315,-0.260704
"1530",0.603187,0.109378,-1.256663
"1531",0.603296,0.12675,0.368924
"1532",0.768873,0.14203,7.137196
"1533",0.594497,0.101276,-2.234405
"1534",0.542959,0.126263,-1.775194
"1535",0.677642,0.120791,1.143226
"1536",0.651833,0.122405,2.530935
"1537",0.729376,0.101622,0.263584
"1538",0.603818,0.112972,2.253368
"1539",0.687212,0.121567,0.59626
"1540",0.68354,0.124771,-1.016025
"1541",0.635218,0.121707,-2.339085
"1542",0.626726,0.13655,17.353356
"1543",0.632162,0.120896,14.916473
"1544",0.642882,0.113481,0.747803
"1545",0.681184,0.109232,0.660672
"1546",0.635999,0.093491,5.422781
"1547",0.651304,0.0977,-5.605753
"1548",0.598945,0.116816,8.292393
"1549",0.599858,0.103923,-5.271444
"1550",0.609499,0.113631,5.679156
"1551",0.600924,0.108996,0.345705
"1552",0.634117,0.105419,8.391583
"1553",0.638957,0.119559,-3.619335
"1554",0.696757,0.104907,-0.296841
"1555",0.611484,0.109061,8.610838
"1556",0.660976,0.115868,3.530778
"1557",0.613472,0.121568,-0.989851
"1558",0.508429,0.110256,6.469091
"1559",0.637007,0.114188,4.517366
"1560",0.568618,0.13646,-8.685043
"1561",0.599215,0.117964,-0.414996
"1562",0.650508,0.099986,1.912782
"1563",0.619911,0.110181,-0.455945
"1564",0.56112,0.116703,-6.714468
"1565",0.571795,0.097051,0.52676
"1566",0.578425,0.09952,-1.035145
"1567",0.574391,0.128698,3.149267
"1568",0.618164,0.125937,7.847012
"1569",0.690066,0.113358,-5.612984
"1570",0.564401,0.100361,4.193803
"1571",0.832337,0.108819,2.316059
"1572",0.719154,0.112513,-1.288458
"1573",0.69984,0.117887,-1.906226
"1574",0.699703,0.124225,1.543125
"1575",0.654197,0.127631,8.672666
"1576",0.605297,0.114089,-2.433675
"1577",0.905065,0.127331,-4.127041
"1578",0.612047,0.118796,-2.76367
"1579",0.685564,0.110435,3.505855
"1580",0.709342,0.134201,-1.260727
"1581",0.473652,0.117918,-5.596491
"1582",0.737404,0.105568,3.709974
"1583",0.670133,0.100645,-3.554494
"1584",0.829633,0.096624,-5.024972
"1585",0.644177,0.105921,1.146627
"1586",0.702925,0.11962,-5.205404
"1587",0.688481,0.088243,8.248963
"1588",0.747108,0.110423,-2.226638
"1589",0.747962,0.131737,-18.611806
"1590",0.766648,0.099294,-0.603331
"1591",0.716612,0.129133,-0.897904
"1592",0.886018,0.118726,-0.581705
"1593",0.720745,0.113936,-1.179266
"1594",0.610342,0.117192,-3.485058
"1595",0.634991,0.098227,5.254792
"1596",0.640113,0.120458,1.341715
"1597",0.807757,0.094993,-0.208529
"1598",0.609373,0.099163,3.018946
"1599",0.761013,0.109629,-0.951553
"1600",0.893245,0.091647,0.926957
"1601",0.824872,0.113161,-1.77682
"1602",0.82454,0.102913,-0.261764
"1603",0.560626,0.097224,-3.292569
"1604",0.650795,0.127178,0.045986
"1605",0.667803,0.119832,5.255303
"1606",0.645789,0.109338,3.945146
"1607",0.816214,0.100696,4.67086
"1608",0.514533,0.155478,20.173731
"1609",0.9732,0.104056,1.915893
"1610",0.654494,0.097635,-6.597991
"1611",0.676687,0.110702,1.845674
"1612",0.73783,0.111742,-0.596696
"1613",0.619527,0.120481,2.609636
"1614",0.749004,0.1388,-20.710204
"1615",0.64444,0.127451,0.228294
"1616",0.618036,0.1143,-0.153094
"1617",0.675705,0.116749,2.55902
"1618",0.594981,0.118747,-0.96636
"1619",0.688233,0.12303,-1.04393
"1620",0.568662,0.088268,7.162911
"1621",0.83926,0.11477,4.649026
"1622",0.627556,0.109013,4.62358
"1623",0.64389,0.12292,4.775022
"1624",0.882333,0.137375,1.455937
"1625",0.611434,0.126582,-4.617803
"1626",0.611292,0.116044,1.439253
"1627",0.677065,0.104645,0.018911
"1628",0.618964,0.122639,-3.809591
"1629",0.642527,0.105141,3.964781
"1630",0.820726,0.116069,4.240045
"1631",0.688579,0.092638,-2.400994
"1632",0.864205,0.086535,-3.138646
"1633",0.636077,0.090803,0.53624
"1634",0.61605,0.101176,0.408267
"1635",0.618627,0.121256,-2.706289
"1636",0.793411,0.103948,1.084824
"1637",0.564336,0.119836,3.973087
"1638",0.63584,0.122331,-1.081306
"1639",0.751368,0.120531,-0.271123
"1640",0.661935,0.098087,-2.052149
"1641",0.584664,0.117648,2.116972
"1642",0.941166,0.114345,0.241597
"1643",0.765385,0.098118,-3.268743
"1644",0.673487,0.116414,1.761492
"1645",0.582434,0.101071,-2.10852
"1646",0.58575,0.11047,10.004283
"1647",0.780128,0.115843,0.079263
"1648",0.589373,0.127964,5.068937
"1649",0.654143,0.097516,0.002926
"1650",0.745709,0.110311,2.153452
"1651",0.644982,0.099138,9.242588
"1652",0.712771,0.113777,2.584334
"1653",0.622588,0.113981,5.350246
"1654",0.631627,0.099271,-1.729193
"1655",0.614597,0.098043,0.780462
"1656",0.626498,0.126125,-4.699782
"1657",0.762522,0.130905,5.292637
"1658",0.87593,0.108494,-0.244117
"1659",0.647473,0.11863,-0.66919
"1660",0.794309,0.144396,-5.997376
"1661",0.580609,0.128109,2.864103
"1662",0.667601,0.116131,-6.115335
"1663",0.716193,0.12562,-1.209584
"1664",0.559269,0.122004,3.951444
"1665",0.598142,0.100741,6.322901
"1666",0.55989,0.109668,7.418273
"1667",0.86722,0.122233,-0.941964
"1668",0.793681,0.123977,-0.412215
"1669",0.824881,0.098405,-0.143087
"1670",0.888663,0.118625,13.208934
"1671",0.580997,0.132824,-1.276177
"1672",0.601183,0.127729,-1.326518
"1673",0.587518,0.124294,3.005013
"1674",0.626503,0.131644,1.254716
"1675",0.637148,0.122846,-1.70891
"1676",0.756495,0.106238,-1.355053
"1677",0.689691,0.123067,-1.312218
"1678",0.724745,0.117615,-1.678877
"1679",0.605092,0.117441,-3.504655
"1680",0.651917,0.119099,0.707961
"1681",0.664159,0.113772,2.15453
"1682",0.653641,0.09887,-3.404239
"1683",0.987559,0.116459,2.836474
"1684",0.81744,0.108492,-2.551723
"1685",0.642958,0.113804,-2.433705
"1686",0.611635,0.108278,1.747069
"1687",0.609865,0.128459,-7.343807
"1688",0.907802,0.097153,-0.851244
"1689",0.561908,0.105971,-0.526359
"1690",0.611608,0.122974,1.638559
"1691",0.600992,0.127406,1.047823
"1692",0.656597,0.129944,0.872837
"1693",0.660535,0.114226,-0.865668
"1694",0.696895,0.121102,0.860654
"1695",0.549835,0.127567,-1.128904
"1696",0.627559,0.107724,-4.006959
"1697",0.815535,0.121966,0.044639
"1698",0.625476,0.115907,1.339333
"1699",0.616919,0.121158,0.510688
"1700",0.565475,0.110068,0.356947
"1701",0.709559,0.128862,-0.641671
"1702",0.618377,0.123438,2.530684
"1703",0.642053,0.11107,0.508939
"1704",0.655238,0.097309,-1.516144
"1705",0.912243,0.122516,0.988281
"1706",0.679734,0.105303,-1.422415
"1707",0.6629,0.120463,-2.220395
"1708",0.585743,0.108728,-2.430673
"1709",0.584085,0.099085,-4.843002
"1710",0.578651,0.103676,0.385927
"1711",0.641664,0.100999,-2.722464
"1712",0.706157,0.103114,-0.691026
"1713",0.648324,0.118503,-1.68023
"1714",0.65814,0.106349,-1.674383
"1715",0.58771,0.108448,-4.507328
"1716",0.717546,0.112869,-1.339069
"1717",0.591686,0.106417,4.896145
"1718",0.738107,0.10216,-2.23669
"1719",0.680794,0.090935,0.997981
"1720",0.561381,0.121304,-5.498868
"1721",0.656893,0.101439,-5.337978
"1722",0.632173,0.107222,-12.772371
"1723",0.737238,0.099914,-7.211723
"1724",0.546445,0.129474,-8.707909
"1725",0.608553,0.10099,-3.189473
"1726",0.621256,0.122265,4.224663
"1727",0.630302,0.13668,1.042447
"1728",0.610419,0.1307,7.329364
"1729",0.651103,0.099644,-1.22632
"1730",0.618797,0.096449,1.216361
"1731",0.778335,0.1301,1.613312
"1732",0.714986,0.106827,0.08756
"1733",0.721157,0.111365,-1.249956
"1734",0.580881,0.118739,-2.305451
"1735",0.624044,0.119865,-2.97333
"1736",0.639917,0.136328,0.05198
"1737",0.627277,0.106188,-2.818001
"1738",0.951874,0.107903,0.995907
"1739",0.569379,0.094364,-0.250415
"1740",0.585345,0.131267,4.150614
"1741",0.615852,0.108308,1.073578
"1742",0.710203,0.098863,1.693512
"1743",0.664522,0.11353,-1.286378
"1744",0.570748,0.106966,-0.68695
"1745",0.674247,0.107427,0.26915
"1746",0.60475,0.097456,1.180752
"1747",0.572232,0.11083,2.81315
"1748",0.720873,0.101409,-0.612494
"1749",0.602823,0.0968,1.795953
"1750",0.635185,0.099967,-1.153174
"1751",0.775318,0.114176,-5.732131
"1752",0.566447,0.09765,-2.097394
"1753",0.62899,0.098397,0.312813
"1754",0.77314,0.117255,-3.319091
"1755",0.791512,0.137,-1.825977
"1756",0.679848,0.108229,-6.732604
"1757",0.75807,0.105478,-0.456582
"1758",0.682226,0.103,0.664562
"1759",0.827955,0.102209,1.578239
"1760",0.676607,0.101796,1.703873
"1761",0.761357,0.118513,3.103419
"1762",0.625588,0.098216,-0.07684
"1763",0.634301,0.094774,-2.009328
"1764",0.734527,0.096532,0.254032
"1765",0.72755,0.10727,-0.328373
"1766",0.69996,0.096299,2.429246
"1767",0.630254,0.098461,4.519347
"1768",0.633225,0.101924,0.173927
"1769",0.678264,0.113677,-2.708135
"1770",0.637328,0.109695,2.124376
"1771",0.876404,0.121865,-0.626274
"1772",0.601947,0.08698,-0.433724
"1773",0.616332,0.125926,-8.842132
"1774",0.764969,0.106277,-0.15199
"1775",0.622999,0.126515,-2.542315
"1776",0.709918,0.123618,4.622293
"1777",0.715663,0.120159,2.089092
"1778",0.600378,0.098775,0.613415
"1779",0.682283,0.127264,4.174657
"1780",0.63079,0.123996,0.883463
"1781",0.908336,0.126734,1.434628
"1782",0.63924,0.130431,-1.696188
"1783",0.759019,0.099046,-4.589433
"1784",0.648086,0.128359,-0.012564
"1785",0.682066,0.131441,0.510624
"1786",0.639528,0.134223,3.60065
"1787",0.643447,0.119031,-4.36024
"1788",0.622733,0.13342,-1.705777
"1789",0.599205,0.12252,-3.212367
"1790",0.637501,0.12231,2.437912
"1791",0.668045,0.130101,2.20426
"1792",0.661722,0.131408,0.141064
"1793",0.658471,0.122717,-1.14059
"1794",0.691214,0.126241,-4.203689
"1795",0.625011,0.122598,-1.478579
"1796",0.600058,0.133019,0.40385
"1797",0.775898,0.131132,0.857289
"1798",0.660605,0.122085,-0.091362
"1799",0.728141,0.092894,0.656655
"1800",0.793248,0.091457,0.865202
"1801",0.662458,0.103859,-0.185403
"1802",0.646872,0.11219,1.963186
"1803",0.623389,0.132923,-1.028458
"1804",0.613317,0.11136,3.616456
"1805",0.593016,0.121952,2.538962
"1806",0.618362,0.095221,-0.258298
"1807",0.682839,0.125053,2.565336
"1808",0.704921,0.09919,0.916167
"1809",0.617667,0.092043,-2.591153
"1810",0.622085,0.124752,1.256757
"1811",0.593448,0.116538,2.702794
"1812",0.639497,0.117065,3.188489
"1813",0.611789,0.105671,-2.279007
"1814",0.629696,0.120166,-2.777067
"1815",0.688607,0.124071,-1.468191
"1816",0.62283,0.108169,0.716615
"1817",0.583835,0.118306,2.643396
"1818",0.680292,0.099699,1.10321
"1819",0.694172,0.111032,1.031854
"1820",0.617523,0.118453,-2.695459
"1821",0.636264,0.116179,1.788072
"1822",0.594865,0.105648,1.456527
"1823",0.579805,0.118523,1.778411
"1824",0.594578,0.102692,2.107528
"1825",0.63232,0.114483,1.136435
"1826",0.865958,0.117378,1.407374
"1827",0.546921,0.122217,-2.480853
"1828",0.66884,0.103659,-0.191968
"1829",0.610793,0.096477,-0.990981
"1830",0.602224,0.116937,0.445925
"1831",0.591456,0.100353,-1.645076
"1832",0.62413,0.107546,0.591546
"1833",0.671398,0.131611,-1.2604
"1834",0.624969,0.109303,2.133541
"1835",0.678556,0.09739,0.412505
"1836",0.649636,0.123708,-1.093226
"1837",0.800208,0.12309,0.597284
"1838",0.82093,0.115639,-0.908321
"1839",0.730425,0.100267,-1.326872
"1840",0.639494,0.100834,1.491044
"1841",0.691573,0.107513,0.165397
"1842",0.601818,0.116069,1.835589
"1843",0.647877,0.11417,2.4888
"1844",0.631329,0.115441,-2.74085
"1845",0.634561,0.114453,3.150849
"1846",0.63018,0.114842,2.967326
"1847",0.658254,0.118938,0.272483
"1848",0.588824,0.115846,-3.208649
"1849",0.611043,0.117575,-0.57456
"1850",0.717278,0.114899,-0.663582
"1851",0.661996,0.130939,-3.509713
"1852",0.664263,0.129118,1.432174
"1853",0.703268,0.123578,3.32749
"1854",0.642109,0.106211,-2.423653
"1855",0.609366,0.129895,-3.412888
"1856",0.682444,0.12523,-1.792731
"1857",0.721335,0.126535,-0.918901
"1858",0.567606,0.112621,3.427485
"1859",0.444231,0.117985,3.311451
"1860",0.638038,0.128704,3.279071
"1861",0.716607,0.125177,1.207665
"1862",0.630237,0.10538,2.498503
"1863",0.604374,0.12293,-0.995985
"1864",0.69054,0.120239,-0.824047
"1865",0.617089,0.099111,-0.612068
"1866",0.62788,0.098632,0.168237
"1867",0.629709,0.125845,2.175833
"1868",0.629061,0.124833,0.726022
"1869",0.604835,0.115447,-0.59348
"1870",0.635176,0.103165,1.165783
"1871",0.713498,0.095427,-0.492562
"1872",0.613504,0.105238,-0.813494
"1873",0.653351,0.10137,-0.421055
"1874",0.617002,0.113393,-0.605248
"1875",0.629171,0.110524,-1.595882
"1876",0.597674,0.098857,-1.949941
"1877",0.646369,0.113714,-0.284343
"1878",0.670881,0.107343,-0.073526
"1879",0.564603,0.095461,3.071853
"1880",0.652463,0.096597,1.314133
"1881",0.596087,0.107828,0.226071
"1882",0.664872,0.12046,0.324679
"1883",0.605277,0.113966,4.052465
"1884",0.634749,0.116528,-0.562226
"1885",0.631665,0.111975,0.334408
"1886",0.663227,0.115895,0.422612
"1887",0.595763,0.109769,-1.556313
"1888",0.761232,0.100971,-2.194875
"1889",0.807881,0.100256,-1.508152
"1890",0.672609,0.100147,0.760759
"1891",0.697888,0.131764,-4.345533
"1892",0.809087,0.114249,-1.705116
"1893",0.589482,0.12193,-5.003437
"1894",0.797132,0.103657,-0.053267
"1895",0.6157,0.119968,1.830574
"1896",0.846762,0.117577,1.340955
"1897",0.641048,0.096738,-0.716906
"1898",0.624727,0.093178,0.301441
"1899",0.623821,0.114053,-0.542066
"1900",0.640464,0.109905,-1.583353
"1901",0.633293,0.103605,-0.710419
"1902",0.690381,0.101565,-1.566425
"1903",0.674233,0.102201,0.604449
"1904",0.637232,0.115218,2.164713
"1905",0.705046,0.128877,-0.595993
"1906",0.626626,0.11733,4.46131
"1907",0.475809,0.097388,1.006456
"1908",0.729179,0.127844,-2.942173
"1909",0.620326,0.100961,5.065962
"1910",0.626996,0.115017,0.657506
"1911",0.970521,0.116644,4.635222
"1912",0.610197,0.097489,1.41433
"1913",0.699657,0.092737,-3.160138
"1914",0.648459,0.111057,1.447681
"1915",0.593719,0.117882,0.065873
"1916",0.549543,0.12859,-3.224874
"1917",0.737866,0.13832,2.263783
"1918",0.575661,0.121516,3.921034
"1919",0.625413,0.104935,-1.196519
"1920",0.590431,0.101962,-0.646452
"1921",0.627071,0.103394,1.916274
"1922",0.599617,0.098486,0.049155
"1923",0.648925,0.107797,-0.067507
"1924",0.59211,0.095049,-3.254071
"1925",0.705044,0.100472,0.231009
"1926",0.754352,0.096984,0.63259
"1927",0.682578,0.100991,-2.755533
"1928",0.563234,0.12436,-12.964669
"1929",0.741711,0.097953,-0.954168
"1930",0.774151,0.102407,-1.537596
"1931",0.664202,0.128312,0.528659
"1932",0.683446,0.097263,4.107907
"1933",0.61006,0.126606,0.582774
"1934",0.928917,0.105664,-3.189764
"1935",0.592835,0.124021,1.208076
"1936",0.538213,0.121678,-0.52465
"1937",0.873209,0.102909,0.885116
"1938",0.617929,0.131703,0.450774
"1939",0.594196,0.129395,1.208161
"1940",0.648637,0.124208,-1.272976
"1941",0.598016,0.124695,-2.235444
"1942",0.645035,0.109996,1.325925
"1943",0.648845,0.103152,-2.301053
"1944",0.67487,0.120644,-0.700638
"1945",0.600762,0.112119,0.500855
"1946",0.475604,0.104416,0.640115
"1947",0.654065,0.109943,-0.606715
"1948",0.593106,0.101157,-4.171332
"1949",0.64035,0.0997,1.810328
"1950",0.611973,0.09662,0.254137
"1951",0.61576,0.099777,2.157446
"1952",0.756549,0.095216,-0.250262
"1953",0.64477,0.116011,-0.090712
"1954",0.731351,0.089245,4.732203
"1955",0.556204,0.101514,6.044798
"1956",0.631375,0.105425,-3.211376
"1957",0.616017,0.101714,-2.028967
"1958",0.679862,0.099931,-0.839339
"1959",0.639359,0.108979,5.361771
"1960",0.650037,0.123988,2.992507
"1961",0.664561,0.119721,1.446806
"1962",0.600927,0.12949,-1.518771
"1963",0.710329,0.130955,0.638344
"1964",0.617548,0.106508,-0.369044
"1965",0.528589,0.124684,-3.033646
"1966",0.731569,0.105828,3.10966
"1967",0.647131,0.101149,2.696049
"1968",0.625495,0.119812,2.404802
"1969",0.704903,0.107508,-0.900908
"1970",0.790533,0.112857,0.316151
"1971",0.637754,0.096241,2.952805
"1972",0.669433,0.106658,0.719942
"1973",0.575472,0.096399,-1.783736
"1974",0.651058,0.096363,-2.420478
"1975",0.797685,0.108146,1.274285
"1976",0.617555,0.095223,-1.291468
"1977",0.719177,0.095573,0.317337
"1978",0.605032,0.096058,1.124198
"1979",0.913251,0.137589,-0.880803
"1980",0.654192,0.100044,-3.162859
"1981",0.585899,0.10801,-1.452372
"1982",0.728251,0.091338,2.466778
"1983",0.668711,0.106165,1.030318
"1984",0.631868,0.108577,0.101997
"1985",0.61069,0.113622,-3.290655
"1986",0.655829,0.122235,-3.617438
"1987",0.563579,0.13105,5.719965
"1988",0.598509,0.124487,0.06699
"1989",0.802685,0.105294,0.962386
"1990",0.706203,0.136561,11.216449
"1991",0.658405,0.132394,0.932636
"1992",0.663689,0.133435,8.280738
"1993",0.547418,0.121251,-3.215221
"1994",0.624735,0.127309,2.973534
"1995",0.714361,0.116365,0.906348
"1996",0.676479,0.126844,2.172068
"1997",0.675548,0.117442,-2.733545
"1998",0.574936,0.123191,1.769099
"1999",0.602918,0.13068,1.034511
"2000",0.554114,0.096337,4.893786
"2001",0.622571,0.119151,-1.934413
"2002",0.533601,0.120804,-3.229317
"2003",0.656229,0.10397,4.222932
"2004",0.599223,0.117922,-3.463207
"2005",0.566491,0.113258,1.04593
"2006",0.53437,0.128441,0.232434
"2007",0.605085,0.129909,-1.954413
"2008",0.587271,0.131182,1.051555
"2009",0.714437,0.098087,0.693949
"2010",0.61362,0.121569,3.363875
"2011",0.509717,0.124946,4.533985
"2012",0.561106,0.111212,4.731001
"2013",0.580846,0.106599,-0.129787
"2014",0.739262,0.11441,1.198848
"2015",0.65013,0.112134,-0.316383
"2016",0.541201,0.120087,0.018534
"2017",0.64451,0.104852,-5.813356
"2018",0.595681,0.105002,7.471746
"2019",0.641468,0.097519,4.088289
"2020",0.724193,0.100264,-3.308516
"2021",0.605115,0.116178,-2.330688
"2022",0.668002,0.094108,2.678749
"2023",0.657253,0.09707,0.649672
"2024",0.638958,0.130996,-3.3972
"2025",0.544744,0.105205,2.089599
"2026",0.797027,0.120829,-0.787575
"2027",0.761779,0.124473,2.008442
"2028",0.756414,0.132731,-4.176117
"2029",0.636226,0.115365,2.928737
"2030",0.88443,0.104024,2.758552
"2031",0.658636,0.104232,-3.686771
"2032",0.625256,0.14532,6.457781
"2033",0.585931,0.120671,-1.795687
"2034",0.637632,0.128396,-5.225924
"2035",0.703727,0.122729,-2.050615
"2036",0.631516,0.111493,-5.762405
"2037",0.755167,0.11131,-1.246777
"2038",0.674025,0.104395,-6.284333
"2039",0.58129,0.134061,5.363182
"2040",0.707742,0.099367,-4.659557
"2041",0.583786,0.131091,7.120021
"2042",0.604854,0.100418,-1.958814
"2043",0.635136,0.098933,-4.762986
"2044",0.655715,0.132644,4.868368
"2045",0.542504,0.119788,7.346786
"2046",0.797273,0.128533,-0.572741
"2047",0.90555,0.097917,-0.39948
"2048",0.832392,0.113263,0.477566
"2049",0.661889,0.132076,2.140261
"2050",0.588837,0.121301,-11.662388
"2051",0.834589,0.1105,1.896549
"2052",0.597108,0.08702,10.051704
"2053",0.666228,0.103694,4.490351
"2054",0.646452,0.124952,-1.685559
"2055",0.687341,0.118172,-3.85349
"2056",0.780427,0.130739,-8.145582
"2057",0.619604,0.120004,-3.209216
"2058",0.745911,0.111742,1.949583
"2059",0.597146,0.12045,-3.752252
"2060",0.623971,0.123684,2.886924
"2061",0.600808,0.131651,0.521623
"2062",0.579611,0.099945,2.93947
"2063",0.641263,0.140423,-3.884667
"2064",0.704463,0.117065,2.777579
"2065",0.687798,0.11465,-5.452914
"2066",0.614131,0.118627,2.188148
"2067",0.703572,0.098991,3.966296
"2068",0.742945,0.109126,-0.480869
"2069",0.640597,0.113497,1.385612
"2070",0.665889,0.132972,-7.89812
"2071",0.692754,0.105785,1.126011
"2072",0.642006,0.124227,7.053769
"2073",0.870648,0.108447,6.391343
"2074",0.678681,0.136591,10.439614
"2075",0.767788,0.122669,-5.420497
"2076",0.663434,0.112322,5.121839
"2077",0.618083,0.134876,1.08318
"2078",0.699434,0.122346,8.97329
"2079",0.65182,0.107289,2.046133
"2080",0.81592,0.137115,1.124467
"2081",0.651679,0.102784,-0.171466
"2082",0.617879,0.112802,-6.754348
"2083",0.710877,0.118407,6.44925
"2084",0.575195,0.096309,-2.025349
"2085",0.647171,0.129506,-0.237238
"2086",0.774737,0.113915,1.736818
"2087",0.660062,0.111317,-7.688797
"2088",0.898374,0.090606,0.95255
"2089",0.67451,0.096416,-0.334446
"2090",0.602777,0.116807,-1.038969
"2091",0.649212,0.12539,3.679879
"2092",0.583301,0.117306,2.753117
"2093",0.647464,0.093264,0.428116
"2094",0.789864,0.112018,-0.81706
"2095",0.65973,0.12573,-3.357541
"2096",0.607142,0.100609,-0.242858
"2097",0.580339,0.146419,10.082557
"2098",0.831141,0.096178,-1.379957
"2099",0.91993,0.089593,-1.24424
"2100",0.744286,0.102362,4.212835
"2101",0.574851,0.114594,11.519607
"2102",0.655793,0.12509,1.574413
"2103",0.677952,0.126597,-0.265619
"2104",0.73086,0.142165,6.393293
"2105",0.599118,0.142226,-10.28624
"2106",0.644685,0.124065,3.350364
"2107",0.773426,0.129112,2.896029
"2108",0.663151,0.141484,-18.464287
"2109",0.631261,0.103734,3.850962
"2110",0.76317,0.116513,1.114281
"2111",0.786545,0.126176,-3.628543
"2112",0.672338,0.112073,-1.914066
"2113",0.748808,0.119046,0.01229
"2114",0.61982,0.121354,-0.146965
"2115",0.575337,0.13108,-1.507954
"2116",0.61205,0.101677,-6.009297
"2117",0.579075,0.100361,3.231652
"2118",0.670008,0.11263,2.592841
"2119",0.675708,0.097945,-1.537089
"2120",0.613442,0.113178,-4.384226
"2121",0.555094,0.123829,-4.17666
"2122",0.714849,0.120706,0.45767
"2123",0.756998,0.169029,-18.903965
"2124",0.58438,0.129695,20.741337
"2125",0.677885,0.118673,2.060727
"2126",0.637728,0.107569,1.077016
"2127",0.649182,0.117667,-0.005806
"2128",0.75412,0.131213,-0.572027
"2129",0.696121,0.094461,-1.436271
"2130",0.655348,0.095561,0.23937
"2131",0.64618,0.124229,-2.219468
"2132",0.808575,0.107529,-1.451479
"2133",0.63562,0.123996,-2.829016
"2134",0.606767,0.124971,-4.264203
"2135",0.655566,0.146169,-8.217644
"2136",0.634246,0.12754,2.905734
"2137",0.651295,0.125343,-1.03075
"2138",0.629086,0.1264,-2.195971
"2139",0.56266,0.126179,-3.761698
"2140",0.701505,0.12974,-1.247154
"2141",0.634167,0.13194,0.811293
"2142",0.654846,0.102018,-1.565391
"2143",0.771527,0.118367,0.709269
"2144",0.583473,0.1162,5.632561
"2145",0.602524,0.107248,1.899307
"2146",0.590569,0.128406,1.593655
"2147",0.661734,0.124423,0.615765
"2148",0.651068,0.108322,-1.795114
"2149",0.805255,0.132259,-0.106277
"2150",0.54751,0.10092,0.648398
"2151",0.859548,0.106769,-0.374912
"2152",0.828432,0.120338,1.668548
"2153",0.82285,0.120974,1.140538
"2154",0.709168,0.128695,-0.633472
"2155",0.668169,0.115871,1.533478
"2156",0.594872,0.120985,2.441867
"2157",0.92472,0.132377,2.352578
"2158",0.691978,0.118305,-0.844898
"2159",0.595456,0.116728,2.892957
"2160",0.616098,0.118567,-1.46328
"2161",0.568341,0.120014,-4.335177
"2162",0.540359,0.115239,-0.096184
"2163",0.659712,0.119694,-1.31929
"2164",0.671642,0.106456,1.680925
"2165",0.559094,0.112784,-5.71052
"2166",0.589143,0.127754,-0.192332
"2167",0.691996,0.092157,1.40943
"2168",0.582375,0.094849,-0.218954
"2169",0.778823,0.100077,2.454062
"2170",0.581974,0.116315,-4.490677
"2171",0.662503,0.099688,-1.05851
"2172",0.602866,0.119524,-2.267297
"2173",0.770416,0.113011,1.916643
"2174",0.678871,0.124328,2.236616
"2175",0.693308,0.125632,2.965893
"2176",0.609772,0.117375,-3.108086
"2177",0.808389,0.112807,-2.008283
"2178",0.613049,0.094332,0.623607
"2179",0.650912,0.108007,5.351716
"2180",0.647606,0.092592,4.947363
"2181",0.644936,0.113306,0.774608
"2182",0.75538,0.104202,-2.433009
"2183",0.637923,0.107482,-1.153441
"2184",0.59428,0.118117,2.458139
"2185",0.741451,0.113608,0.812028
"2186",0.745419,0.108226,1.331827
"2187",0.729453,0.114048,-1.096625
"2188",0.644785,0.115202,4.673586
"2189",0.963085,0.123762,-0.260927
"2190",0.818457,0.123244,-2.052728
"2191",0.844742,0.120008,1.498982
"2192",0.904995,0.134327,-1.481243
"2193",0.647204,0.121332,-1.626287
"2194",0.611721,0.103182,14.800336
"2195",0.700744,0.124583,-10.311673
"2196",0.754459,0.109305,-1.5408
"2197",0.638713,0.129962,0.255717
"2198",0.664872,0.098769,-1.094167
"2199",0.589666,0.126462,-4.706531
"2200",0.612412,0.129824,-6.132726
"2201",0.611576,0.130054,1.277323
"2202",0.612986,0.130537,4.507481
"2203",0.83197,0.098787,2.36901
"2204",0.635737,0.098059,-6.179027
"2205",0.780027,0.106123,-0.737848
"2206",0.680358,0.110391,3.46982
"2207",0.60939,0.131634,-8.615031
"2208",0.655791,0.121321,6.211528
"2209",0.655606,0.114414,-2.561976
"2210",0.798444,0.116954,-7.457338
"2211",0.634595,0.125719,-2.977123
"2212",0.62346,0.116702,-0.663855
"2213",0.531806,0.104369,0.117202
"2214",0.636048,0.099224,-0.080813
"2215",0.592288,0.100705,-2.081403
"2216",0.817458,0.122586,-1.593257
"2217",0.688489,0.091385,-3.633939
"2218",0.685321,0.114666,-6.447133
"2219",0.669194,0.107042,2.906874
"2220",0.576403,0.092871,3.036657
"2221",0.662639,0.103178,-5.559859
"2222",0.646334,0.124134,2.570834
"2223",0.711815,0.127708,2.497061
"2224",0.66737,0.130692,0.329806
"2225",0.617624,0.133822,7.888462
"2226",0.628569,0.11137,1.361129
"2227",0.601429,0.109701,-4.520715
"2228",0.661404,0.111189,0.307494
"2229",0.532352,0.137235,0.959959
"2230",0.57002,0.111014,1.409958
"2231",0.549726,0.115334,-8.375964
"2232",0.532621,0.101315,1.526784
"2233",0.655129,0.102723,1.693224
"2234",0.609923,0.110399,0.678106
"2235",0.684202,0.12229,-18.16124
"2236",0.771542,0.118389,1.610549
"2237",0.70897,0.10371,-2.566444
"2238",0.583941,0.102029,-0.667011
"2239",0.883821,0.167425,-13.996404
"2240",0.953202,0.132371,1.400632
"2241",0.728023,0.120215,11.051668
"2242",0.710841,0.096553,-9.583045
"2243",0.59467,0.115781,-17.545706
"2244",0.598597,0.135602,0.744602
"2245",0.674279,0.114002,3.505717
"2246",0.639443,0.111826,-3.06086
"2247",0.866705,0.134238,2.914007
"2248",0.74895,0.140789,-13.558889
"2249",0.702126,0.123865,-4.032467
"2250",0.751776,0.105058,-0.051024
"2251",0.604795,0.126098,9.876328
"2252",0.600757,0.135951,-1.903791
"2253",0.654275,0.106635,-1.934775
"2254",0.603556,0.114895,8.623458
"2255",0.566025,0.100669,-2.288854
"2256",0.595545,0.118297,-8.848248
"2257",0.657045,0.134158,5.100574
"2258",0.675581,0.144068,-12.901954
"2259",0.61834,0.138065,-7.948737
"2260",0.697701,0.108259,2.382688
"2261",0.738217,0.131572,6.86493
"2262",0.691207,0.097246,1.598292
"2263",0.587375,0.094313,-0.981541
"2264",0.615031,0.134992,-6.115739
"2265",0.651294,0.097947,-0.5413
"2266",0.800331,0.111313,4.688436
"2267",0.561361,0.119231,-4.584103
"2268",0.649861,0.125545,1.125676
"2269",0.741369,0.110911,-1.108401
"2270",0.635001,0.124301,-1.292788
"2271",0.580423,0.093797,-1.792582
"2272",0.640217,0.12516,-0.352345
"2273",0.571111,0.121637,-5.726853
"2274",0.735572,0.125484,-0.795802
"2275",0.626325,0.115859,4.201154
"2276",0.679625,0.11686,-1.937533
"2277",0.651127,0.126537,-0.082028
"2278",0.697546,0.129146,-10.004642
"2279",0.636565,0.124488,-6.944213
"2280",0.634017,0.130116,5.566705
"2281",0.576716,0.131895,-7.98892
"2282",0.648318,0.113742,2.291799
"2283",0.70477,0.119743,1.818175
"2284",0.652082,0.098033,-0.169149
"2285",0.918657,0.13246,0.774708
"2286",0.607963,0.122479,-21.518672
"2287",0.729587,0.103136,-2.730909
"2288",0.652197,0.114257,-8.368462
"2289",0.623764,0.135543,-5.572423
"2290",0.607539,0.125183,1.996572
"2291",0.680052,0.131624,9.79594
"2292",0.61942,0.126119,-13.273455
"2293",0.633306,0.10883,-14.633623
"2294",0.794641,0.12096,0.794949
"2295",0.604708,0.13549,-14.127271
"2296",0.609408,0.100446,2.83548
"2297",0.711368,0.134544,-4.365193
"2298",0.699234,0.120975,-1.703334
"2299",0.687291,0.113547,-3.188327
"2300",0.756089,0.144441,4.362918
