"","edge","mean","pattern"
"1",0.634035,0.169986,15.224545
"2",0.646537,0.133144,22.028
"3",0.554347,0.198272,41.378322
"4",0.618379,0.166056,1.781001
"5",0.622883,0.13833,3.739872
"6",0.746023,0.132481,4.866663
"7",0.609121,0.191892,-0.174775
"8",0.620371,0.243584,-4.293881
"9",0.837332,0.182069,-5.849401
"10",0.576467,0.179272,11.788703
"11",0.644071,0.153518,31.742775
"12",0.639568,0.140737,22.671522
"13",0.628615,0.183042,0.249877
"14",0.692179,0.175326,12.372587
"15",0.596821,0.166288,25.800952
"16",0.547291,0.19125,-3.920674
"17",0.58298,0.142173,27.896881
"18",0.559223,0.135488,32.70052
"19",0.661424,0.160592,4.226289
"20",0.624516,0.174891,10.156913
"21",0.615792,0.147167,31.65242
"22",0.900404,0.142865,6.108165
"23",0.642533,0.172415,22.1801
"24",0.630441,0.191041,-12.420967
"25",0.623394,0.232372,-13.853506
"26",0.544805,0.168079,14.910936
"27",0.913332,0.169548,6.100812
"28",0.639419,0.225744,-22.763062
"29",0.611554,0.141189,31.060414
"30",0.877432,0.151534,8.748086
"31",0.686587,0.191958,1.389305
"32",0.74825,0.147856,15.728393
"33",0.790512,0.137262,11.394051
"34",0.681899,0.126661,-1.289829
"35",0.663508,0.179356,-26.938611
"36",0.681123,0.136492,7.966219
"37",0.546392,0.165176,28.52684
"38",0.649255,0.145337,6.246257
"39",0.57299,0.12749,42.953179
"40",0.644626,0.150416,6.044511
"41",0.598603,0.15619,13.370047
"42",0.919317,0.130788,8.421425
"43",0.576966,0.132063,26.059183
"44",0.605907,0.157624,3.376376
"45",0.866609,0.123808,-6.484563
"46",0.715056,0.140641,14.554131
"47",0.767603,0.145491,12.351784
"48",0.627412,0.18306,15.522083
"49",0.541744,0.15982,40.420398
"50",0.665297,0.150837,-0.858018
"51",0.709767,0.128429,25.917452
"52",0.610293,0.177289,-31.91575
"53",0.744559,0.183583,48.616594
"54",0.749265,0.156536,14.624527
"55",0.763561,0.178213,17.205126
"56",0.688406,0.130848,25.635978
"57",0.640834,0.139113,21.058532
"58",0.64057,0.176364,-0.226348
"59",0.661164,0.143387,14.656658
"60",0.682412,0.153036,11.205775
"61",0.68963,0.134931,14.084976
"62",0.776164,0.134255,12.784219
"63",0.71206,0.172635,14.448142
"64",0.649058,0.158157,0.294091
"65",0.643023,0.169376,-9.527477
"66",0.671893,0.139962,18.457979
"67",0.596518,0.162703,39.085147
"68",0.944564,0.155299,20.745904
"69",0.762215,0.13844,31.898268
"70",0.605664,0.189992,4.593478
"71",0.732262,0.170299,16.203955
"72",0.951019,0.119454,23.131203
"73",0.654253,0.164259,26.268478
"74",0.61238,0.161011,-7.972193
"75",0.614947,0.164336,-6.233605
"76",0.688549,0.128593,24.708769
"77",0.781758,0.134196,15.773599
"78",0.907983,0.13386,9.40058
"79",0.787383,0.120104,27.593905
"80",0.653626,0.16182,5.864795
"81",0.776933,0.147599,-7.618287
"82",0.583786,0.159239,32.972839
"83",0.831323,0.150646,4.094337
"84",0.642612,0.13613,8.238724
"85",0.653823,0.145472,12.131621
"86",0.909548,0.16452,23.443729
"87",0.629857,0.160644,8.743549
"88",0.581589,0.152412,5.636788
"89",0.562184,0.236519,96.86535
"90",0.81265,0.112335,16.166759
"91",0.720402,0.133225,-4.405809
"92",0.591063,0.191969,12.779745
"93",0.934664,0.144533,18.370019
"94",0.672747,0.168942,-10.341418
"95",0.951703,0.129546,18.367061
"96",0.666914,0.137576,26.644533
"97",0.621448,0.155968,24.82234
"98",0.557325,0.156718,22.427012
"99",0.607463,0.13246,12.817817
"100",0.599156,0.162441,25.138922
"101",0.675219,0.140568,-2.677607
"102",0.571963,0.167153,-16.901588
"103",0.786428,0.151325,12.963649
"104",0.572822,0.222374,33.935737
"105",0.596596,0.205911,-18.405775
"106",0.600528,0.165422,49.182671
"107",0.627712,0.168268,31.00661
"108",0.719697,0.151506,-4.73702
"109",0.632782,0.156534,29.553171
"110",0.661088,0.155601,-1.15221
"111",0.609219,0.150404,17.375124
"112",0.820565,0.149468,22.680181
"113",0.637273,0.147626,16.744465
"114",0.706132,0.141525,17.304865
"115",0.655529,0.144667,18.730162
"116",0.857934,0.189666,25.299004
"117",0.868578,0.131045,29.23757
"118",0.647865,0.160963,10.818643
"119",0.812041,0.168935,41.145845
"120",0.844086,0.143367,21.652
"121",0.770015,0.167333,-2.001851
"122",0.589337,0.167239,27.942645
"123",0.732825,0.147421,-7.699149
"124",0.580536,0.153819,-5.122333
"125",0.588253,0.161865,27.11698
"126",0.608819,0.126566,24.989811
"127",0.611686,0.130634,24.568818
"128",0.833784,0.143798,14.574341
"129",0.748873,0.186381,0.36145
"130",0.658102,0.1564,-4.106906
"131",0.91231,0.143608,10.820119
"132",0.653396,0.187375,10.52057
"133",0.496408,0.185122,-25.963245
"134",0.64932,0.166816,35.475387
"135",0.552424,0.129731,29.71674
"136",0.81957,0.170981,-1.608882
"137",0.604414,0.196667,-5.835366
"138",0.638281,0.172948,-10.239245
"139",0.674381,0.146041,15.739107
"140",0.587692,0.188005,41.312321
"141",0.829964,0.143418,14.039045
"142",0.610139,0.150974,2.219112
"143",0.731045,0.213383,-5.560777
"144",0.666168,0.150434,40.118545
"145",0.675522,0.153967,11.03758
"146",0.665202,0.149591,23.779657
"147",0.560332,0.13116,43.009888
"148",0.956687,0.162181,2.316845
"149",0.909508,0.135096,12.983584
"150",0.632041,0.183267,-14.529749
"151",0.822597,0.143348,1.142949
"152",0.707959,0.151983,17.466261
"153",0.623697,0.167852,-11.625286
"154",0.636024,0.15659,30.89862
"155",0.768868,0.135935,8.244834
"156",0.51252,0.178861,41.189855
"157",0.569495,0.170684,-2.494048
"158",0.585379,0.14644,28.115872
"159",0.624894,0.14352,12.78573
"160",0.819585,0.117159,27.199029
"161",0.540383,0.16022,35.166297
"162",0.601694,0.154691,17.975637
"163",0.579569,0.149931,29.094579
"164",0.601532,0.234849,-55.811124
"165",0.870238,0.141941,-1.334931
"166",0.675724,0.20664,23.36844
"167",0.619455,0.16619,1.202581
"168",0.89771,0.122806,-1.81265
"169",0.531967,0.14811,18.302416
"170",0.702468,0.136475,23.559081
"171",0.616308,0.155032,-9.816959
"172",0.631087,0.147485,23.03403
"173",0.563248,0.187049,-27.93048
"174",0.795185,0.149089,23.253716
"175",0.943171,0.135046,10.306413
"176",0.572103,0.133807,23.671157
"177",0.920003,0.146783,13.488794
"178",0.634849,0.130544,21.635503
"179",0.983384,0.141202,14.219175
"180",0.745194,0.131597,3.673648
"181",0.824529,0.161621,12.354647
"182",0.799898,0.115122,25.152483
"183",0.760007,0.133535,19.021223
"184",0.660124,0.184322,18.950145
"185",0.577562,0.168034,24.305685
"186",0.604988,0.12405,33.790142
"187",0.739489,0.195897,8.623947
"188",0.606475,0.169961,16.181782
"189",0.892668,0.133485,18.370129
"190",0.577307,0.153126,18.908714
"191",0.559179,0.252768,13.084463
"192",0.774607,0.130613,14.883714
"193",0.846339,0.152629,7.52455
"194",0.776949,0.129084,16.988464
"195",0.627898,0.149761,34.719102
"196",0.661487,0.151561,11.462469
"197",0.589985,0.154158,7.959892
"198",0.535822,0.173593,-6.055141
"199",0.797259,0.132312,0.296436
"200",0.613154,0.17225,15.179268
"201",0.652111,0.129357,12.950979
"202",0.547225,0.159847,29.207281
"203",0.63023,0.150775,-15.885836
"204",0.715522,0.144924,26.427336
"205",0.643366,0.161399,16.513374
"206",0.543094,0.131139,25.922453
"207",0.602394,0.140691,28.792989
"208",0.575303,0.15114,32.076867
"209",0.638126,0.150591,-6.323735
"210",0.936693,0.149784,18.766916
"211",0.949168,0.15552,5.525145
"212",0.836476,0.142777,22.614521
"213",0.640053,0.134744,9.599691
"214",0.587627,0.194139,-2.703788
"215",0.764797,0.151073,3.460984
"216",0.832899,0.14696,25.948267
"217",0.529486,0.149332,21.898879
"218",0.546241,0.146556,24.527001
"219",0.646957,0.139119,12.629184
"220",0.669142,0.144113,0.111873
"221",0.993613,0.147091,12.014697
"222",0.59814,0.161733,33.063985
"223",0.632849,0.156426,20.06643
"224",0.682247,0.179458,4.227024
"225",0.585256,0.15309,20.928642
"226",0.604361,0.166191,11.284251
"227",0.616632,0.148408,23.979621
"228",0.6792,0.169928,11.88488
"229",0.706988,0.139834,19.046159
"230",0.55641,0.169942,22.953347
"231",0.630414,0.200302,12.705306
"232",0.718881,0.167011,22.058815
"233",0.641266,0.157431,-8.913721
"234",0.799386,0.142702,24.595117
"235",0.58358,0.145142,11.916081
"236",0.590587,0.149733,22.392319
"237",0.552322,0.178586,22.555422
"238",0.494369,0.170893,25.893373
"239",0.605263,0.140249,7.319565
"240",0.597179,0.145686,22.381784
"241",0.667217,0.1719,24.915477
"242",0.624059,0.167536,13.270195
"243",0.914979,0.146505,0.517919
"244",0.673337,0.180385,5.854156
"245",0.941755,0.136862,22.053091
"246",0.571909,0.16851,26.571931
"247",0.606457,0.15832,13.48488
"248",0.650515,0.157627,29.135019
"249",0.804897,0.13799,7.233422
"250",0.690022,0.141177,-1.906287
"251",0.632908,0.16166,15.075012
"252",0.590665,0.156843,26.614486
"253",0.754597,0.169021,12.529239
"254",0.676629,0.164496,1.390642
"255",0.617435,0.165116,13.243997
"256",0.873578,0.134758,21.565384
"257",0.653602,0.160226,-2.546681
"258",0.647344,0.194717,12.918186
"259",0.699075,0.237418,36.555182
"260",0.648867,0.143967,28.613428
"261",0.662133,0.134767,-3.084532
"262",0.576616,0.165175,24.227687
"263",0.63724,0.154386,12.0025
"264",0.622296,0.159159,14.284402
"265",0.596381,0.171264,22.978724
"266",0.596652,0.21554,8.723447
"267",0.624317,0.165081,11.831638
"268",0.574924,0.175108,-2.840248
"269",0.863439,0.155226,14.937883
"270",0.616682,0.157614,17.944201
"271",0.481829,0.216079,49.430422
"272",0.600962,0.165386,9.858827
"273",0.593413,0.162298,8.424714
"274",0.606803,0.160403,9.884793
"275",0.570678,0.171338,2.287161
"276",0.568641,0.201506,-33.490777
"277",0.709977,0.167984,5.120495
"278",0.586349,0.189995,45.188928
"279",0.623801,0.193428,18.778583
"280",0.705458,0.119279,29.217226
"281",0.738896,0.134951,-3.556623
"282",0.657024,0.147054,-0.976724
"283",0.698536,0.1686,12.516245
"284",0.51476,0.177802,42.034781
"285",0.695047,0.192222,17.134731
"286",0.771979,0.220324,-2.165892
"287",0.612071,0.157554,7.131603
"288",0.618655,0.169325,10.708269
"289",0.650252,0.160241,-7.174538
"290",0.627647,0.138657,18.324916
"291",0.579888,0.172404,25.980338
"292",0.580174,0.15595,16.862565
"293",0.622635,0.13577,21.628216
"294",0.701034,0.207006,-14.28189
"295",0.71322,0.153828,7.039289
"296",0.59768,0.151907,38.071874
"297",0.642131,0.208377,20.916386
"298",0.659795,0.152422,6.1489
"299",0.534768,0.180492,-10.61445
"300",0.592558,0.19667,10.528533
"301",0.607822,0.16424,3.409661
"302",0.791507,0.156945,40.294657
"303",0.589211,0.173458,5.658893
"304",0.686409,0.180213,-7.891668
"305",0.544242,0.202156,5.981069
"306",0.728275,0.161241,16.788556
"307",0.633282,0.150213,16.24526
"308",0.658329,0.15003,-3.472502
"309",0.635453,0.147451,21.59276
"310",0.589719,0.169055,12.522267
"311",0.674118,0.167565,16.588252
"312",0.638025,0.164391,-7.356138
"313",0.755569,0.14553,14.110561
"314",0.687064,0.17703,15.096658
"315",0.714321,0.170031,17.949076
"316",0.767316,0.147308,0.950581
"317",0.610871,0.15643,25.333558
"318",0.735183,0.12129,26.845135
"319",0.64719,0.182993,30.331692
"320",0.586375,0.149596,-4.006131
"321",0.671627,0.135733,15.346636
"322",0.592743,0.184365,-10.16291
"323",0.675651,0.188512,24.402035
"324",0.647164,0.178434,10.40263
"325",0.758519,0.138971,18.472774
"326",0.62119,0.194138,22.175978
"327",0.569564,0.141527,10.917645
"328",0.779392,0.144642,15.24827
"329",0.639404,0.195946,39.598043
"330",0.620179,0.180658,19.948125
"331",0.635734,0.132484,11.72625
"332",0.637853,0.141694,31.3657
"333",0.672267,0.142595,21.045563
"334",0.628852,0.207648,-13.011849
"335",0.646582,0.145924,15.280826
"336",0.599125,0.184218,14.857447
"337",0.603683,0.165868,32.969369
"338",0.60998,0.178845,20.046782
"339",0.639734,0.163623,-2.353084
"340",0.598451,0.184379,-8.598112
"341",0.599665,0.132362,29.106286
"342",0.668527,0.157225,13.211601
"343",0.636217,0.156885,29.073512
"344",0.69741,0.140907,29.901861
"345",0.659534,0.129917,-10.422627
"346",0.767519,0.143069,9.795095
"347",0.626471,0.156901,-18.037154
"348",0.637107,0.141435,-0.97886
"349",0.808194,0.16805,17.862462
"350",0.698,0.142077,-0.8765
"351",0.706863,0.176091,-8.340475
"352",0.524146,0.163509,-17.860436
"353",0.655575,0.154917,-0.428434
"354",0.65086,0.195815,22.562482
"355",0.631486,0.164468,-0.958299
"356",0.813245,0.167405,19.547798
"357",0.715149,0.153594,8.698774
"358",0.643132,0.17067,17.240221
"359",0.606548,0.160064,14.19595
"360",0.558951,0.16886,-19.048257
"361",0.592687,0.167588,6.036357
"362",0.899147,0.133676,23.930403
"363",0.781586,0.1509,-3.870623
"364",0.687271,0.154264,9.865899
"365",0.597671,0.166444,8.625252
"366",0.68544,0.154078,-8.430011
"367",0.741842,0.139266,13.664984
"368",0.891586,0.151617,12.389954
"369",0.693978,0.156327,3.523237
"370",0.603286,0.219437,28.157707
"371",0.69854,0.151792,-7.482502
"372",0.746519,0.177037,23.388176
"373",0.87593,0.158072,17.185677
"374",0.673378,0.160451,1.541971
"375",0.652089,0.150037,24.290956
"376",0.666479,0.157175,1.611659
"377",0.970091,0.127835,10.030405
"378",0.609858,0.160144,4.868802
"379",0.631921,0.231235,48.908142
"380",0.634915,0.1462,-0.076873
"381",0.610218,0.161622,25.466917
"382",0.571631,0.164475,46.050999
"383",0.709326,0.144586,-5.890528
"384",0.61196,0.153326,3.16125
"385",0.659118,0.160483,4.225899
"386",0.662867,0.157583,-2.852785
"387",0.751253,0.1478,23.090605
"388",0.637941,0.15734,15.294114
"389",0.913334,0.15447,5.890363
"390",0.914752,0.137969,13.913921
"391",0.684099,0.187873,12.039831
"392",0.731964,0.158251,8.603792
"393",0.615532,0.133699,7.206221
"394",0.73774,0.133547,22.857954
"395",0.65806,0.140502,28.644516
"396",0.881951,0.144972,2.402749
"397",0.66265,0.169132,20.705382
"398",0.614497,0.149733,18.059251
"399",0.555234,0.148053,35.042664
"400",0.783649,0.148307,4.129876
"401",0.599082,0.141961,-1.210077
"402",0.569414,0.193995,46.142866
"403",0.629487,0.155681,11.975859
"404",0.607552,0.185298,51.819784
"405",0.653216,0.152578,7.018059
"406",0.674838,0.166951,-12.00031
"407",0.777739,0.148426,9.504822
"408",0.609956,0.128347,-11.30164
"409",0.705643,0.145042,11.505799
"410",0.510708,0.16771,11.587779
"411",0.643964,0.162319,-6.667028
"412",0.564465,0.216536,28.400362
"413",0.837422,0.132827,14.560162
"414",0.61095,0.110076,30.289899
"415",0.605783,0.165838,18.737524
"416",0.633356,0.150724,16.236409
"417",0.595945,0.204235,21.775435
"418",0.624756,0.198255,20.313474
"419",0.84955,0.12802,14.283416
"420",0.56858,0.14027,34.427224
"421",0.632306,0.130204,30.075448
"422",0.518244,0.143351,4.366728
"423",0.609857,0.14405,24.522618
"424",0.629162,0.140055,23.85634
"425",0.926592,0.13818,9.599494
"426",0.604605,0.148368,-5.092368
"427",0.589385,0.158014,23.583892
"428",0.867075,0.138106,28.08302
"429",0.559209,0.17317,34.054595
"430",0.660149,0.139082,27.484393
"431",0.644146,0.146145,10.141407
"432",0.758592,0.159561,-0.101212
"433",0.629141,0.172769,38.163706
"434",0.717278,0.146647,9.952701
"435",0.702546,0.149391,12.124113
"436",0.735116,0.156912,7.252534
"437",0.633258,0.186252,14.402439
"438",0.623857,0.156103,11.542339
"439",0.621062,0.169293,27.226274
"440",0.709702,0.140231,19.503127
"441",0.68256,0.146924,-0.06863
"442",0.625009,0.13565,23.068709
"443",0.578005,0.125764,17.328441
"444",0.629461,0.12156,-3.901315
"445",0.62801,0.18112,20.757172
"446",0.669392,0.169187,34.149861
"447",0.624683,0.150496,17.015814
"448",0.979566,0.126599,14.746385
"449",0.914238,0.148975,6.15956
"450",0.680321,0.151753,27.714359
"451",0.607262,0.220947,50.841997
"452",0.799894,0.132258,21.660499
"453",0.657379,0.151031,-9.561267
"454",0.816233,0.159911,25.854875
"455",0.806158,0.178304,31.481499
"456",0.597249,0.155623,4.281764
"457",0.783433,0.146983,13.046702
"458",0.656461,0.144974,18.893741
"459",0.666194,0.135124,25.003763
"460",0.602938,0.155055,-8.972502
"461",0.676228,0.141067,11.531607
"462",0.640383,0.130012,27.423483
"463",0.634291,0.160432,34.822207
"464",0.694405,0.156818,-6.082735
"465",0.605353,0.13186,3.856364
"466",0.644003,0.146118,15.1519
"467",0.902368,0.16966,-2.49856
"468",0.665212,0.156159,16.024937
"469",0.584792,0.176901,-10.478156
"470",0.856004,0.134739,-3.314896
"471",0.616974,0.152483,18.93512
"472",0.87963,0.140472,10.686839
"473",0.620128,0.1582,21.373657
"474",0.879642,0.154691,19.226249
"475",0.633475,0.158773,23.597239
"476",0.651492,0.172068,4.825845
"477",0.59029,0.151309,-7.185866
"478",0.64911,0.171563,17.782472
"479",0.532064,0.192227,39.272725
"480",0.694376,0.142029,2.735052
"481",0.841671,0.144938,11.878342
"482",0.601458,0.132799,36.73907
"483",0.542715,0.218525,26.700784
"484",0.563463,0.218538,25.133557
"485",0.645315,0.14427,-11.730852
"486",0.670024,0.150974,13.108856
"487",0.782215,0.161551,1.043342
"488",0.592643,0.145057,21.992002
"489",0.679573,0.142069,6.945892
"490",0.620144,0.173877,10.595072
"491",0.631602,0.175279,15.161984
"492",0.611129,0.15891,22.526369
"493",0.56825,0.205769,-5.276648
"494",0.70573,0.152102,20.470846
"495",0.634906,0.158497,11.837789
"496",0.634131,0.169322,-5.137358
"497",0.922277,0.128874,18.179495
"498",0.640228,0.118407,33.309634
"499",0.972183,0.143011,-2.72125
"500",0.625267,0.155717,1.99903
"501",0.603477,0.150706,34.474427
"502",0.717139,0.150648,-1.653517
"503",0.948529,0.13849,1.090067
"504",0.733429,0.18038,9.862905
"505",0.561008,0.204596,-34.940706
"506",0.935103,0.148826,15.315281
"507",0.599589,0.156388,-2.065752
"508",0.643664,0.149865,22.743846
"509",0.525379,0.142365,-9.215644
"510",0.610749,0.189448,11.891007
"511",0.979337,0.13973,7.360109
"512",0.56858,0.201804,20.875211
"513",0.946499,0.122018,-0.6615
"514",0.559415,0.17343,7.843688
"515",0.966421,0.129763,14.232388
"516",0.582751,0.176317,30.181564
"517",0.761761,0.136474,20.004702
"518",0.781575,0.163184,13.571714
"519",0.695929,0.138603,18.771263
"520",0.64408,0.207696,-8.047004
"521",0.657075,0.199652,14.817744
"522",0.95874,0.12976,5.159622
"523",0.716445,0.158021,12.878774
"524",0.586204,0.252085,51.530097
"525",0.728579,0.18499,33.314284
"526",0.720018,0.160433,3.024495
"527",0.684711,0.149495,2.943855
"528",0.569849,0.144581,17.536021
"529",0.520672,0.215919,8.930309
"530",0.597768,0.165321,-3.376553
"531",0.490811,0.137425,35.419656
"532",0.630851,0.13483,8.47154
"533",0.681464,0.154007,28.363031
"534",0.736872,0.143625,-4.721655
"535",0.580914,0.144503,32.10554
"536",0.589967,0.14491,22.804439
"537",0.608097,0.193475,0.302708
"538",0.632638,0.153007,31.272957
"539",0.802295,0.130902,23.109199
"540",0.610456,0.141438,33.867453
"541",0.561163,0.177619,5.884675
"542",0.662162,0.130196,5.711934
"543",0.858672,0.148025,8.451156
"544",0.758578,0.144092,15.080899
"545",0.97234,0.125714,11.112759
"546",0.845054,0.113892,21.521306
"547",0.676779,0.147199,22.115144
"548",0.621915,0.170137,5.987997
"549",0.679804,0.133103,5.762771
"550",0.580631,0.170411,8.25351
"551",0.836392,0.154857,17.065973
"552",0.955785,0.172745,-2.892723
"553",0.597468,0.146654,14.68675
"554",0.650755,0.152341,9.082195
"555",0.602551,0.123939,25.248224
"556",0.733462,0.136872,17.52421
"557",0.730352,0.134474,22.979843
"558",0.841699,0.153575,9.027808
"559",0.635437,0.201733,1.48544
"560",0.641544,0.185546,-24.234682
"561",0.672485,0.157383,15.151212
"562",0.729073,0.146091,11.692469
"563",0.607984,0.168265,31.799108
"564",0.775873,0.140799,9.614691
"565",0.709485,0.1489,23.797203
"566",0.643904,0.143919,20.884411
"567",0.542479,0.180041,9.975836
"568",0.845704,0.201743,24.54498
"569",0.623819,0.165878,9.863784
"570",0.568941,0.165665,29.70699
"571",0.799079,0.169242,4.39353
"572",0.595216,0.191576,10.578558
"573",0.647219,0.22248,18.410844
"574",0.811191,0.143642,5.157504
"575",0.903219,0.135244,-0.363294
"576",0.620954,0.133752,7.109542
"577",0.723852,0.159286,-1.664854
"578",0.629395,0.160766,-1.655709
"579",0.748341,0.166831,21.34773
"580",0.639053,0.185494,14.367356
"581",0.776522,0.158475,26.18796
"582",0.537947,0.184017,-21.406748
"583",0.575952,0.171975,37.939011
"584",0.612485,0.166797,12.64572
"585",0.561081,0.145768,10.741096
"586",0.777967,0.152816,7.762183
"587",0.613486,0.143258,17.485175
"588",0.633409,0.132968,27.640382
"589",0.671039,0.140471,14.626418
"590",0.629801,0.180587,3.594828
"591",0.974853,0.140762,6.826402
"592",0.628295,0.144948,25.502176
"593",0.898344,0.127914,4.987642
"594",0.612529,0.16772,42.545123
"595",0.756592,0.226384,61.717277
"596",0.603108,0.166267,31.568079
"597",0.82645,0.136226,17.457584
"598",0.719608,0.161432,2.541556
"599",0.709956,0.144923,-1.410755
"600",0.932391,0.150669,16.575842
"601",0.645247,0.172031,-4.975014
"602",0.646773,0.170858,-9.122529
"603",0.648258,0.163269,19.07636
"604",0.956573,0.145559,6.780258
"605",0.722275,0.148897,28.546893
"606",0.646865,0.141356,26.9911
"607",0.589045,0.123729,21.986686
"608",0.699231,0.168831,-1.977691
"609",0.689685,0.146566,8.899169
"610",0.9712,0.129326,16.570288
"611",0.583863,0.172172,13.587396
"612",0.910632,0.134422,16.113495
"613",0.715828,0.140798,27.90891
"614",0.666671,0.159578,13.576345
"615",0.674621,0.156547,17.152118
"616",0.683743,0.183386,48.623743
"617",0.753777,0.134194,-9.418066
"618",0.699924,0.140856,34.622041
"619",0.675181,0.133024,25.711932
"620",0.626769,0.154285,19.182823
"621",0.70311,0.139029,0.380016
"622",0.612278,0.178377,-21.295952
"623",0.701478,0.142182,4.692258
"624",0.664116,0.138086,-9.971764
"625",0.770729,0.149953,15.242861
"626",0.684551,0.140141,9.912004
"627",0.690909,0.140889,7.064169
"628",0.595971,0.177818,-6.291219
"629",0.627958,0.147696,-7.186157
"630",0.822711,0.144398,19.398553
"631",0.791331,0.162898,0.411185
"632",0.918566,0.123207,-9.182417
"633",0.668148,0.154816,35.48045
"634",0.693604,0.176606,9.827003
"635",0.626262,0.16561,24.672878
"636",0.750747,0.153902,4.680109
"637",0.57401,0.142871,30.756678
"638",0.728352,0.150709,9.098098
"639",0.655514,0.169074,-12.110917
"640",0.668343,0.134398,18.238956
"641",0.920444,0.16718,13.007319
"642",0.710717,0.147123,20.741473
"643",0.571219,0.173303,-13.794404
"644",0.559054,0.196816,7.895119
"645",0.564389,0.184542,23.335181
"646",0.729174,0.131587,17.776224
"647",0.681465,0.136514,30.011502
"648",0.702984,0.147371,26.11066
"649",0.908906,0.138108,7.757804
"650",0.760507,0.155036,13.942131
"651",0.65064,0.159874,21.963286
"652",0.855605,0.135391,5.208523
"653",0.987939,0.146707,14.706379
"654",0.788613,0.157575,0.461314
"655",0.653317,0.153214,15.110123
"656",0.59834,0.179692,31.904649
"657",0.864149,0.130293,20.418201
"658",0.770738,0.131883,15.53789
"659",0.512622,0.205058,66.730401
"660",0.750864,0.141556,12.879838
"661",0.722287,0.168797,19.292078
"662",0.760147,0.132197,2.402384
"663",0.560252,0.176574,24.668459
"664",0.603434,0.134885,11.950728
"665",0.61198,0.14409,23.982045
"666",0.569015,0.140657,10.866092
"667",0.661939,0.155425,-6.737802
"668",0.668295,0.153291,22.313332
"669",0.791493,0.160824,21.723841
"670",0.685743,0.149831,-2.228792
"671",0.568291,0.205495,-10.143615
"672",0.609909,0.128302,-19.679112
"673",0.74397,0.120754,19.086525
"674",0.710806,0.162901,-0.017373
"675",0.644094,0.144246,-2.256938
"676",0.760202,0.165396,0.51387
"677",0.629403,0.189815,22.877233
"678",0.895789,0.15553,12.567841
"679",0.659662,0.153739,28.746378
"680",0.836635,0.129075,18.997722
"681",0.5635,0.176299,15.255233
"682",0.636981,0.181633,9.778109
"683",0.631993,0.183299,-7.764152
"684",0.579425,0.158525,37.317306
"685",0.639913,0.230759,44.535375
"686",0.596562,0.176611,32.835421
"687",0.586203,0.179258,34.500423
"688",0.805925,0.131561,17.053857
"689",0.560358,0.183791,28.05295
"690",0.825684,0.135661,-1.978462
"691",0.659637,0.157676,0.315268
"692",0.735343,0.132076,9.093512
"693",0.599542,0.138608,7.061463
"694",0.587786,0.144648,27.002559
"695",0.580538,0.176081,59.231598
"696",0.557035,0.137618,17.506237
"697",0.876022,0.143205,6.355789
"698",0.624353,0.197461,-24.476144
"699",0.673126,0.139254,14.588245
"700",0.673217,0.167568,16.04832
"701",0.825278,0.145899,-5.909441
"702",0.682303,0.137298,3.240626
"703",0.632402,0.164109,29.251629
"704",0.772924,0.141287,24.294585
"705",0.647311,0.143542,17.635053
"706",0.583575,0.135614,18.982046
"707",0.59283,0.157738,35.883744
"708",0.610214,0.173992,-7.045511
"709",0.651841,0.144802,8.025572
"710",0.685643,0.185389,0.32121
"711",0.61302,0.160063,14.382809
"712",0.606372,0.16492,4.23011
"713",0.607573,0.159312,-3.188204
"714",0.753428,0.154561,12.450281
"715",0.642962,0.13506,6.680473
"716",0.589865,0.171553,17.348175
"717",0.57241,0.162562,38.806661
"718",0.700798,0.135418,5.603906
"719",0.618805,0.199177,26.343628
"720",0.58452,0.187856,-1.450534
"721",0.939338,0.146903,9.251057
"722",0.600131,0.14288,13.879269
"723",0.608191,0.173049,27.421624
"724",0.617462,0.179002,-0.684678
"725",0.540164,0.218662,-36.718766
"726",0.696591,0.2084,33.87956
"727",0.533344,0.1709,33.854742
"728",0.59994,0.151531,19.987154
"729",0.682045,0.153305,20.808074
"730",0.897072,0.127323,2.253498
"731",0.731752,0.133145,10.006695
"732",0.615061,0.180049,22.415514
"733",0.830255,0.143592,20.091972
"734",0.526958,0.17129,43.119875
"735",0.675305,0.160796,1.397017
"736",0.915056,0.149449,18.448326
"737",0.802175,0.163167,7.866833
"738",0.588722,0.122369,28.34111
"739",0.556122,0.18731,66.887252
"740",0.663929,0.140703,9.71323
"741",0.653013,0.210176,30.86294
"742",0.560537,0.158679,32.393562
"743",0.622768,0.149775,22.699224
"744",0.637052,0.170877,-4.009045
"745",0.641584,0.145285,10.513122
"746",0.644943,0.156152,4.829673
"747",0.587667,0.149392,-4.694878
"748",0.676804,0.132169,25.265503
"749",0.640003,0.143108,19.8513
"750",0.612575,0.13719,30.603919
"751",0.682834,0.130514,19.161869
"752",0.644723,0.133384,26.364071
"753",0.744627,0.139849,-0.362723
"754",0.641014,0.145345,16.191906
"755",0.565188,0.135344,24.123611
"756",0.753148,0.161095,8.342851
"757",0.922217,0.158073,-0.559322
"758",0.822238,0.132192,12.478288
"759",0.644046,0.144312,22.97187
"760",0.732053,0.146143,2.088313
"761",0.599108,0.160485,11.834771
"762",0.95464,0.151372,-3.525004
"763",0.697631,0.11746,22.76152
"764",0.802068,0.145043,-9.41397
"765",0.595804,0.181759,23.966022
"766",0.571748,0.173998,19.686155
"767",0.603918,0.118643,27.00636
"768",0.648399,0.130896,14.811717
"769",0.667817,0.139525,-5.400686
"770",0.637401,0.157841,-19.442057
"771",0.60589,0.157992,5.708989
"772",0.597153,0.151381,38.527904
"773",0.700761,0.150415,24.286788
"774",0.536055,0.154854,17.604144
"775",0.624509,0.134583,17.841696
"776",0.777759,0.15878,12.384255
"777",0.579871,0.139646,9.089356
"778",0.584454,0.174832,10.469886
"779",0.536665,0.190402,-19.105587
"780",0.612482,0.14139,9.152301
"781",0.924879,0.14625,21.125391
"782",0.773366,0.154363,-7.135527
"783",0.744053,0.179147,7.784789
"784",0.585665,0.183773,7.056685
"785",0.572613,0.143058,20.988601
"786",0.641851,0.158626,16.935041
"787",0.613618,0.174622,9.296182
"788",0.64444,0.175782,29.253847
"789",0.862724,0.142533,15.829301
"790",0.605402,0.146517,3.613471
"791",0.596415,0.197093,-0.958413
"792",0.590981,0.251919,83.091456
"793",0.654374,0.156284,-1.888827
"794",0.671566,0.128529,0.540089
"795",0.825887,0.157358,20.946432
"796",0.621603,0.114077,23.510661
"797",0.796674,0.129761,18.496532
"798",0.652085,0.185244,10.593737
"799",0.619481,0.180368,-0.279187
"800",0.579499,0.153545,5.602331
"801",0.629812,0.129352,14.115625
"802",0.644323,0.175678,18.427373
"803",0.712084,0.152014,19.153321
"804",0.616105,0.152774,15.233264
"805",0.593045,0.143182,14.576004
"806",0.640986,0.161603,2.366461
"807",0.549736,0.147849,-0.588331
"808",0.785795,0.14305,9.099447
"809",0.651283,0.155351,-3.641896
"810",0.76615,0.147895,-0.686129
"811",0.725066,0.138306,16.7889
"812",0.766878,0.111571,25.586868
"813",0.727358,0.146894,10.20989
"814",0.863775,0.15015,1.823816
"815",0.567399,0.189488,-0.575586
"816",0.619899,0.173685,38.900682
"817",0.641534,0.143797,25.219481
"818",0.660886,0.158648,25.061733
"819",0.672328,0.146045,20.389425
"820",0.607834,0.13994,7.025778
"821",0.568875,0.192328,-31.426086
"822",0.598908,0.180981,-27.812967
"823",0.590807,0.149775,30.252379
"824",0.572125,0.167167,4.070886
"825",0.730094,0.147987,1.018608
"826",0.722612,0.127494,25.762651
"827",0.635311,0.161497,11.640814
"828",0.672749,0.212707,5.532386
"829",0.877642,0.142901,14.154497
"830",0.62577,0.183109,-2.871244
"831",0.610354,0.152184,12.427731
"832",0.659047,0.136936,13.169869
"833",0.651836,0.167301,16.398929
"834",0.670816,0.148228,19.572392
"835",0.598161,0.222598,-25.300927
"836",0.625596,0.150063,19.841729
"837",0.64031,0.184656,17.668881
"838",0.57522,0.242894,-25.888365
"839",0.649758,0.159916,5.131555
"840",0.759162,0.135936,26.668824
"841",0.602755,0.170422,37.887068
"842",0.662252,0.167384,2.691885
"843",0.549721,0.144263,40.705337
"844",0.59715,0.159907,3.737975
"845",0.661771,0.167341,2.154245
"846",0.823509,0.154996,9.485294
"847",0.843345,0.145801,25.173061
"848",0.617592,0.180728,39.008744
"849",0.58654,0.188482,30.357542
"850",0.620158,0.146892,24.459743
"851",0.622856,0.142154,19.805945
"852",0.576538,0.181937,23.00403
"853",0.700729,0.153412,14.664342
"854",0.658657,0.148261,-4.22935
"855",0.612957,0.159513,39.963898
"856",0.643128,0.173134,-6.114879
"857",0.588439,0.184947,38.367474
"858",0.698789,0.144454,7.452878
"859",0.640655,0.143483,27.15332
"860",0.674438,0.174927,29.416234
"861",0.716766,0.133889,25.301901
"862",0.581423,0.179573,28.432432
"863",0.782611,0.130485,20.057614
"864",0.740398,0.159306,28.70656
"865",0.809574,0.12403,28.002001
"866",0.601258,0.161439,23.320503
"867",0.609831,0.147925,31.829881
"868",0.623855,0.189709,10.50881
"869",0.517187,0.177183,37.775854
"870",0.849853,0.125722,27.829495
"871",0.931679,0.130705,6.259957
"872",0.592078,0.199273,33.652787
"873",0.726817,0.147942,3.760823
"874",0.635821,0.13194,3.814455
"875",0.60378,0.163309,0.254571
"876",0.664955,0.167812,7.350892
"877",0.493606,0.178249,-8.996827
"878",0.606554,0.162636,8.031168
"879",0.829996,0.156428,7.401263
"880",0.621074,0.134914,28.358279
"881",0.641796,0.171238,9.261541
"882",0.859642,0.141622,24.139845
"883",0.74255,0.138335,26.479475
"884",0.54116,0.219883,69.343306
"885",0.773494,0.148663,18.610718
"886",0.755148,0.133981,11.449354
"887",0.917579,0.168198,7.442267
"888",0.733776,0.120252,16.860867
"889",0.968002,0.144494,11.943804
"890",0.572863,0.235667,6.048315
"891",0.585085,0.14085,1.515828
"892",0.61011,0.159467,7.237399
"893",0.576116,0.185579,21.36637
"894",0.588964,0.158459,48.034412
"895",0.74586,0.130922,13.517434
"896",0.685776,0.181521,13.277261
"897",0.634644,0.140243,24.438219
"898",0.672565,0.163005,11.692711
"899",0.72147,0.138234,12.02336
"900",0.575952,0.15441,45.996085
"901",0.627455,0.161559,17.212134
"902",0.75055,0.154345,-1.027849
"903",0.678332,0.175297,24.775442
"904",0.699841,0.142208,3.28715
"905",0.75851,0.134977,20.852778
"906",0.879623,0.146627,25.981215
"907",0.952642,0.127898,10.461959
"908",0.550974,0.195604,45.166265
"909",0.63121,0.158669,5.051038
"910",0.590486,0.164781,-9.848567
"911",0.591184,0.143625,22.819849
"912",0.796563,0.146522,-0.827392
"913",0.622379,0.150559,10.256043
"914",0.569757,0.17617,26.592945
"915",0.814978,0.153926,17.133751
"916",0.735038,0.148332,22.409947
"917",0.631675,0.211946,36.630159
"918",0.819072,0.108404,32.892428
"919",0.618021,0.154813,12.502181
"920",0.615202,0.13989,25.328164
"921",0.56749,0.154178,3.472911
"922",0.95276,0.137184,16.209271
"923",0.601689,0.137261,35.376504
"924",0.758783,0.158611,7.404559
"925",0.596146,0.16656,-19.966554
"926",0.722983,0.189897,29.645773
"927",0.626077,0.139137,19.942219
"928",0.807342,0.162434,10.730841
"929",0.848859,0.167628,5.645107
"930",0.610566,0.127436,28.206508
"931",0.758732,0.198114,4.00755
"932",0.532427,0.198584,33.828637
"933",0.686081,0.169524,13.846271
"934",0.804718,0.140516,20.294465
"935",0.514297,0.133442,23.632001
"936",0.647165,0.163615,-7.015243
"937",0.568396,0.153663,26.903068
"938",0.731625,0.133303,9.800645
"939",0.829141,0.143939,32.862015
"940",0.615903,0.130828,41.61265
"941",0.740812,0.14927,16.882517
"942",0.65918,0.132651,21.997845
"943",0.663594,0.172967,2.933901
"944",0.576655,0.131137,34.485915
"945",0.577752,0.157618,26.049665
"946",0.901356,0.139782,12.321809
"947",0.340199,0.156879,38.64624
"948",0.643017,0.16411,18.964646
"949",0.590108,0.153763,29.106231
"950",0.555919,0.132868,28.316057
"951",0.584043,0.183385,22.212664
"952",0.841972,0.151421,12.771889
"953",0.661825,0.158328,34.890373
"954",0.622755,0.156597,1.88167
"955",0.63429,0.139435,17.297759
"956",0.598457,0.141589,42.732054
"957",0.586189,0.189205,-33.55495
"958",0.580306,0.183573,1.811029
"959",0.770328,0.143295,-1.832488
"960",0.648866,0.168102,-13.380931
"961",0.610324,0.156006,33.058509
"962",0.43642,0.196298,35.732659
"963",0.567292,0.225766,22.684041
"964",0.801941,0.155109,5.905181
"965",0.839951,0.13666,20.970244
"966",0.756203,0.137289,11.250521
"967",0.751636,0.158546,16.020639
"968",0.698686,0.155572,-5.490783
"969",0.628054,0.157393,33.521109
"970",0.615011,0.173299,20.868289
"971",0.594716,0.148853,27.252711
"972",0.597692,0.141859,28.095404
"973",0.61174,0.191804,-22.936192
"974",0.554036,0.155216,-8.519647
"975",0.750463,0.139924,6.176472
"976",0.921138,0.166242,18.451012
"977",0.675564,0.172262,17.337304
"978",0.586751,0.174243,21.267695
"979",0.588239,0.175877,30.409933
"980",0.824035,0.140824,21.436198
"981",0.695466,0.185132,3.339172
"982",0.616394,0.192313,35.654511
"983",0.630018,0.148528,31.212025
"984",0.66493,0.177755,24.601876
"985",0.641994,0.20572,24.556411
"986",0.773046,0.129905,-9.469252
"987",0.62571,0.149848,-7.610384
"988",0.682459,0.180256,10.54092
"989",0.948552,0.139974,3.040757
"990",0.627562,0.133496,40.308608
"991",0.54375,0.143926,22.335538
"992",0.621848,0.160466,-19.344339
"993",0.599614,0.145386,3.91738
"994",0.520354,0.16664,-2.392391
"995",0.692857,0.141557,28.655663
"996",0.636922,0.1519,7.749766
"997",0.621544,0.162259,-13.682532
"998",0.683391,0.203811,20.580715
"999",0.627884,0.192087,20.627335
"1000",0.645018,0.152629,9.59675
"1001",0.794616,0.143756,-3.153297
"1002",0.641525,0.16934,16.965396
"1003",0.605133,0.173355,12.838729
"1004",0.635133,0.190793,21.129071
"1005",0.602053,0.158422,11.577881
"1006",0.61393,0.168745,-14.316544
"1007",0.517528,0.220074,70.371268
"1008",0.618972,0.136316,37.535586
"1009",0.774102,0.174792,12.868681
"1010",0.766043,0.167402,-12.055515
"1011",0.514063,0.12437,48.597161
"1012",0.910057,0.153493,-1.108831
"1013",0.690425,0.151095,9.598664
"1014",0.822743,0.139833,2.775042
"1015",0.597202,0.154551,22.975136
"1016",0.6222,0.1701,10.061488
"1017",0.565332,0.155745,2.866974
"1018",0.676158,0.152404,1.941045
"1019",0.566508,0.168849,20.937138
"1020",0.688857,0.14482,21.443988
"1021",0.580529,0.196651,14.042225
"1022",0.599205,0.161393,26.240211
"1023",0.519545,0.146666,34.117036
"1024",0.861983,0.156401,13.238649
"1025",0.845353,0.137929,18.04706
"1026",0.62958,0.175273,15.108523
"1027",0.624817,0.159626,26.381172
"1028",0.5885,0.220351,-38.57762
"1029",0.55518,0.175385,43.133601
"1030",0.757941,0.136386,16.448053
"1031",0.665552,0.136506,14.269185
"1032",0.631272,0.149098,11.171285
"1033",0.625988,0.134443,20.199137
"1034",0.707399,0.13391,2.794225
"1035",0.715171,0.138633,26.504767
"1036",0.667625,0.142631,17.304782
"1037",0.695167,0.152323,23.672009
"1038",0.755996,0.146199,7.766529
"1039",0.632355,0.157595,11.908685
"1040",0.637071,0.155887,11.606035
"1041",0.826554,0.141608,17.969831
"1042",0.644513,0.142761,18.515604
"1043",0.632429,0.149028,24.860642
"1044",0.671075,0.13487,15.454921
"1045",0.874297,0.142659,15.484739
"1046",0.694994,0.170277,-7.781641
"1047",0.552922,0.18816,-41.586747
"1048",0.666387,0.13641,-3.267073
"1049",0.584854,0.151133,16.284244
"1050",0.782221,0.135162,9.549656
"1051",0.954917,0.126885,17.879243
"1052",0.673584,0.18641,5.67497
"1053",0.629909,0.177377,35.531674
"1054",0.693438,0.141896,-3.336018
"1055",0.618958,0.162799,8.713126
"1056",0.607534,0.137497,20.3316
"1057",0.634641,0.142502,7.942617
"1058",0.773749,0.159913,19.904745
"1059",0.593541,0.167708,35.093987
"1060",0.60067,0.160893,28.724551
"1061",0.652263,0.195306,14.3663
"1062",0.750744,0.121495,28.087841
"1063",0.5945,0.171045,10.734495
"1064",0.675421,0.162965,20.04445
"1065",0.667241,0.173287,-20.717613
"1066",0.824734,0.179567,24.612629
"1067",0.459824,0.185062,40.094134
"1068",0.606116,0.149358,20.412766
"1069",0.617956,0.155821,-5.757368
"1070",0.609426,0.156422,5.442421
"1071",0.583547,0.169654,16.769112
"1072",0.569563,0.126073,44.337335
"1073",0.647646,0.146359,22.856425
"1074",0.714955,0.139167,27.43454
"1075",0.973869,0.139822,23.826275
"1076",0.555319,0.181908,20.527426
"1077",0.588463,0.138221,-3.041242
"1078",0.61527,0.142078,12.552611
"1079",0.599194,0.142622,21.347583
"1080",0.585626,0.161809,20.502123
"1081",0.705799,0.157957,18.992754
"1082",0.657659,0.142522,26.755178
"1083",0.626111,0.147557,-2.199847
"1084",0.687502,0.122432,3.603842
"1085",0.596612,0.161907,-9.366797
"1086",0.601998,0.191264,4.204673
"1087",0.607163,0.204009,32.736388
"1088",0.785935,0.13432,13.142338
"1089",0.792095,0.133977,22.422193
"1090",0.612106,0.142765,8.061021
"1091",0.753852,0.151705,6.28301
"1092",0.71705,0.145576,20.286954
"1093",0.614295,0.133824,34.265119
"1094",0.54674,0.137684,29.970713
"1095",0.557623,0.168139,-8.69027
"1096",0.679171,0.145792,-3.245264
"1097",0.748247,0.152558,14.9482
"1098",0.647783,0.148233,12.866532
"1099",0.562916,0.175653,11.389778
"1100",0.638291,0.179861,30.069256
"1101",0.736245,0.14775,4.436448
"1102",0.718451,0.139502,21.257942
"1103",0.588474,0.134821,18.970621
"1104",0.803221,0.165304,30.025159
"1105",0.663334,0.137307,-10.257738
"1106",0.834945,0.167275,12.291723
"1107",0.957948,0.130914,17.737413
"1108",0.939892,0.118485,28.624461
"1109",0.818831,0.144657,24.066012
"1110",0.582525,0.165349,17.2626
"1111",0.63669,0.197533,18.323546
"1112",0.548393,0.139122,21.167891
"1113",0.611787,0.173781,1.360745
"1114",0.645622,0.138894,27.680846
"1115",0.626895,0.159846,24.717432
"1116",0.574553,0.1951,41.015216
"1117",0.977764,0.144519,5.962814
"1118",0.591721,0.14579,36.743184
"1119",0.686778,0.181197,31.588495
"1120",0.876287,0.139369,15.346378
"1121",0.637193,0.17938,19.304617
"1122",0.68262,0.14134,-1.453235
"1123",0.661971,0.130609,-13.200607
"1124",0.643628,0.154979,11.141129
"1125",0.789924,0.163639,16.226403
"1126",0.593186,0.142132,26.442115
"1127",0.807469,0.156115,9.905767
"1128",0.619967,0.165617,-4.016379
"1129",0.601219,0.175781,11.334607
"1130",0.867905,0.133976,18.973315
"1131",0.857801,0.133215,18.315204
"1132",0.865229,0.132371,-4.030572
"1133",0.89121,0.137048,9.456425
"1134",0.737862,0.129604,25.338846
"1135",0.550353,0.161982,19.378512
"1136",0.91518,0.165173,9.322888
"1137",0.635708,0.144037,20.573315
"1138",0.641715,0.15884,22.314898
"1139",0.944182,0.147901,21.794375
"1140",0.673976,0.13947,15.38809
"1141",0.696955,0.123386,-9.331144
"1142",0.667974,0.127262,19.01737
"1143",0.710474,0.146363,19.67996
"1144",0.777475,0.134055,16.862747
"1145",0.901367,0.135129,7.064922
"1146",0.824436,0.140634,-9.340571
"1147",0.582611,0.205383,-42.753732
"1148",0.615303,0.214305,4.452573
"1149",0.572865,0.18744,-6.146795
"1150",0.588739,0.168734,-26.840846
"1151",0.600525,0.143815,26.198286
"1152",0.59219,0.201132,-16.768239
"1153",0.627791,0.142521,20.162517
"1154",0.510261,0.155867,14.043218
"1155",0.924841,0.148012,13.983194
"1156",0.71913,0.145846,-7.801104
"1157",0.64312,0.161324,3.243302
"1158",0.686565,0.148883,-7.519453
"1159",0.668631,0.147267,25.738452
"1160",0.726762,0.15247,31.093563
"1161",0.810032,0.170451,16.649529
"1162",0.63488,0.165479,13.36974
"1163",0.641433,0.134014,17.643525
"1164",0.646345,0.155072,10.886106
"1165",0.59412,0.172174,-17.869827
"1166",0.710682,0.149448,5.396556
"1167",0.605461,0.169272,-1.859153
"1168",0.672927,0.148526,15.13097
"1169",0.679268,0.137059,-1.824309
"1170",0.629091,0.128592,2.423487
"1171",0.493717,0.161753,36.909914
"1172",0.595577,0.158625,14.427035
"1173",0.62838,0.149119,22.196599
"1174",0.5221,0.212648,69.101218
"1175",0.619468,0.188883,34.518141
"1176",0.584277,0.201306,9.531121
"1177",0.609964,0.143374,29.776018
"1178",0.645984,0.165184,-7.891594
"1179",0.582875,0.173842,17.938044
"1180",0.639102,0.166042,33.517236
"1181",0.632184,0.160382,15.932288
"1182",0.82594,0.14145,12.402442
"1183",0.720221,0.150474,12.227224
"1184",0.642577,0.149221,10.829382
"1185",0.648075,0.143304,6.830597
"1186",0.637655,0.143437,16.570619
"1187",0.619097,0.220459,48.241034
"1188",0.700148,0.179031,7.905854
"1189",0.871139,0.130352,9.600326
"1190",0.820331,0.218461,8.884167
"1191",0.643796,0.161248,-9.554202
"1192",0.576011,0.172568,34.746992
"1193",0.932172,0.153701,9.313045
"1194",0.548087,0.12456,33.348732
"1195",0.652079,0.157311,7.786758
"1196",0.622915,0.162222,-12.590061
"1197",0.793667,0.137092,7.293151
"1198",0.595755,0.158533,0.630217
"1199",0.595246,0.134811,22.727594
"1200",0.74458,0.150423,12.301312
"1201",0.987641,0.132561,17.423199
"1202",0.66303,0.12113,33.594346
"1203",0.697255,0.138785,5.997739
"1204",0.533943,0.164349,9.146271
"1205",0.643485,0.150469,26.295044
"1206",0.569804,0.154713,34.730371
"1207",0.600589,0.185855,33.426106
"1208",0.576465,0.161732,36.454716
"1209",0.640991,0.150732,19.237239
"1210",0.569414,0.195062,25.441731
"1211",0.710639,0.158641,2.005685
"1212",0.661471,0.178609,11.916625
"1213",0.566383,0.187552,3.697107
"1214",0.654578,0.153007,10.143759
"1215",0.550367,0.175519,20.695735
"1216",0.581082,0.171245,10.422465
"1217",0.827125,0.154939,12.108601
"1218",0.674858,0.136977,9.255949
"1219",0.625918,0.171759,3.246664
"1220",0.702506,0.144178,10.830964
"1221",0.753945,0.165963,2.520029
"1222",0.691113,0.170688,29.51262
"1223",0.647869,0.187234,-6.637529
"1224",0.552894,0.245197,48.435251
"1225",0.663934,0.186983,35.048312
"1226",0.86037,0.16679,2.24761
"1227",0.939219,0.14104,19.023069
"1228",0.908159,0.134064,25.537046
"1229",0.637191,0.138113,12.903416
"1230",0.73475,0.124146,34.383901
"1231",0.815614,0.147549,14.22554
"1232",0.644107,0.163209,16.539734
"1233",0.603206,0.135681,27.894789
"1234",0.663537,0.139472,16.000614
"1235",0.605669,0.146298,19.022085
"1236",0.736307,0.15046,10.924484
"1237",0.525462,0.16691,32.296165
"1238",0.690793,0.125823,31.789785
"1239",0.918142,0.162933,2.954238
"1240",0.949483,0.138079,-8.654756
"1241",0.680409,0.151809,-0.11273
"1242",0.686058,0.149387,22.705585
"1243",0.884815,0.131014,-0.375356
"1244",0.576807,0.17357,34.632896
"1245",0.557681,0.146685,23.769159
"1246",0.518475,0.190786,25.819987
"1247",0.619896,0.158657,19.445192
"1248",0.772192,0.154637,30.590173
"1249",0.884612,0.139341,10.72796
"1250",0.916427,0.141796,0.721689
"1251",0.629526,0.153688,29.734587
"1252",0.647082,0.13609,-8.279801
"1253",0.615543,0.169178,3.432201
"1254",0.625207,0.159738,4.375489
"1255",0.758479,0.144735,7.547335
"1256",0.609498,0.18515,21.445179
"1257",0.536001,0.153171,20.779303
"1258",0.637762,0.158681,16.555047
"1259",0.936958,0.156826,4.553815
"1260",0.455302,0.145512,22.265456
"1261",0.696649,0.140263,8.88882
"1262",0.620219,0.16325,10.639221
"1263",0.618633,0.142556,1.4752
"1264",0.606245,0.17218,19.844548
"1265",0.728122,0.149248,17.119833
"1266",0.575292,0.158366,-10.939654
"1267",0.786498,0.147254,6.902466
"1268",0.564636,0.159369,13.635224
"1269",0.701134,0.161219,23.226408
"1270",0.626109,0.160228,18.770683
"1271",0.611845,0.176428,25.574529
"1272",0.620752,0.157919,28.380844
"1273",0.711931,0.161633,3.012099
"1274",0.793754,0.159329,9.718621
"1275",0.604141,0.138308,20.539352
"1276",0.569393,0.189837,20.666177
"1277",0.609896,0.152731,2.074026
"1278",0.776479,0.137377,5.25174
"1279",0.929345,0.139348,4.558786
"1280",0.894154,0.132587,-7.248084
"1281",0.725958,0.167372,13.950289
"1282",0.660092,0.148632,16.945644
"1283",0.870424,0.136387,14.661329
"1284",0.8474,0.134941,17.137441
"1285",0.947663,0.128598,3.150842
"1286",0.583185,0.167461,5.642027
"1287",0.580342,0.207212,48.768241
"1288",0.584307,0.127522,31.316672
"1289",0.864054,0.133117,18.415133
"1290",0.740861,0.129514,-5.733906
"1291",0.530175,0.168886,29.624563
"1292",0.669506,0.154854,34.573646
"1293",0.899788,0.141031,1.355088
"1294",0.875803,0.127965,25.659327
"1295",0.597006,0.159609,39.572981
"1296",0.647277,0.141223,14.359146
"1297",0.705225,0.126712,36.160181
"1298",0.635145,0.155117,22.807203
"1299",0.951172,0.150837,14.931204
"1300",0.525631,0.149602,34.370251
"1301",0.616821,0.129413,36.948387
"1302",0.908606,0.166298,11.807537
"1303",0.661711,0.144245,20.542554
"1304",0.989779,0.133443,0.957304
"1305",0.958811,0.154263,14.842604
"1306",0.651574,0.155525,21.60272
"1307",0.850809,0.135378,14.26163
"1308",0.609652,0.246633,101.963785
"1309",0.632217,0.145962,9.043422
"1310",0.582195,0.154061,12.340166
"1311",0.710241,0.150035,19.519089
"1312",0.704444,0.146885,3.143984
"1313",0.710859,0.160506,40.484841
"1314",0.709673,0.150906,15.359761
"1315",0.950336,0.157851,9.715008
"1316",0.951688,0.140478,14.050033
"1317",0.59842,0.159831,52.89657
"1318",0.895226,0.126265,17.045706
"1319",0.633044,0.159067,30.430243
"1320",0.711011,0.173839,3.555048
"1321",0.658084,0.149317,3.920966
"1322",0.5827,0.162054,6.419645
"1323",0.634653,0.143659,7.65402
"1324",0.647825,0.17051,15.460412
"1325",0.717559,0.159812,5.125645
"1326",0.663325,0.152245,12.339358
"1327",0.904018,0.157515,20.17912
"1328",0.789093,0.139169,11.524619
"1329",0.973098,0.160207,-1.267464
"1330",0.757621,0.136909,15.257031
"1331",0.694933,0.154758,5.570981
"1332",0.675109,0.164354,14.558485
"1333",0.771284,0.131017,13.514971
"1334",0.583309,0.183134,15.13583
"1335",0.586615,0.171326,8.140188
"1336",0.596698,0.20366,6.297886
"1337",0.729507,0.156721,-7.957751
"1338",0.864209,0.141203,10.865193
"1339",0.792644,0.174995,13.854371
"1340",0.818246,0.151261,13.070439
"1341",0.570832,0.179352,-6.204029
"1342",0.892628,0.131744,9.31958
"1343",0.718784,0.141979,4.158156
"1344",0.706537,0.163035,10.319561
"1345",0.601297,0.154622,20.545587
"1346",0.573209,0.265959,-17.987859
"1347",0.689897,0.146722,13.217889
"1348",0.591389,0.149241,17.98719
"1349",0.698494,0.14975,26.636285
"1350",0.562327,0.142785,24.147593
"1351",0.751884,0.157624,4.507059
"1352",0.604516,0.128272,12.388073
"1353",0.607204,0.155961,15.77902
"1354",0.62546,0.145648,-6.033585
"1355",0.584209,0.174752,-5.917671
"1356",0.630689,0.16132,0.059562
"1357",0.885287,0.129491,-11.37376
"1358",0.631055,0.141367,7.611224
"1359",0.589522,0.134972,28.152549
"1360",0.667216,0.144097,13.026055
"1361",0.944393,0.127943,3.736843
"1362",0.705162,0.124525,27.697992
"1363",0.667006,0.210366,-35.645944
"1364",0.642947,0.213168,0.365794
"1365",0.786957,0.126327,28.898356
"1366",0.560393,0.15595,-8.30803
"1367",0.715199,0.138265,-4.061222
"1368",0.655057,0.15064,17.668275
"1369",0.617654,0.178948,-24.67661
"1370",0.585269,0.13499,12.653639
"1371",0.603931,0.171906,-8.352995
"1372",0.592736,0.173926,7.448218
"1373",0.594279,0.196593,-15.759565
"1374",0.532617,0.19576,22.251098
"1375",0.644177,0.114505,28.847247
"1376",0.743745,0.14049,15.578525
"1377",0.550908,0.154349,33.391431
"1378",0.616812,0.132597,20.274336
"1379",0.557719,0.169395,26.506396
"1380",0.763405,0.154936,8.133976
"1381",0.760974,0.138568,-5.655246
"1382",0.648173,0.130543,16.760609
"1383",0.61709,0.20589,3.128792
"1384",0.782235,0.122987,9.847642
"1385",0.811583,0.159466,1.002855
"1386",0.926238,0.136949,21.983569
"1387",0.808165,0.154962,-2.134784
"1388",0.560894,0.202519,30.998089
"1389",0.576264,0.212048,7.120845
"1390",0.706798,0.146459,7.142881
"1391",0.754624,0.152451,11.169636
"1392",0.645775,0.142539,25.83742
"1393",0.672046,0.147281,8.153274
"1394",0.888022,0.131152,-3.892155
"1395",0.713793,0.142009,12.480746
"1396",0.683973,0.171307,3.720641
"1397",0.607848,0.146781,18.074013
"1398",0.839506,0.13569,14.750745
"1399",0.600676,0.172374,38.08423
"1400",0.618435,0.166479,5.178138
"1401",0.580119,0.133075,27.201941
"1402",0.624507,0.146777,13.627674
"1403",0.754347,0.146934,10.519755
"1404",0.683572,0.125324,24.737482
"1405",0.590851,0.14173,25.013811
"1406",0.578817,0.260415,-37.56987
"1407",0.465581,0.14756,27.411166
"1408",0.637639,0.154038,22.611794
"1409",0.764759,0.148317,6.75337
"1410",0.674569,0.168629,3.049302
"1411",0.682685,0.196311,16.262219
"1412",0.764945,0.175967,-10.149866
"1413",0.627476,0.146808,24.960918
"1414",0.630435,0.149806,2.412199
"1415",0.68449,0.165188,30.585988
"1416",0.599964,0.188318,16.001136
"1417",0.598147,0.13821,25.593945
"1418",0.405235,0.189435,40.931559
"1419",0.698963,0.177399,10.108058
"1420",0.800778,0.155944,14.180048
"1421",0.63201,0.160064,7.571794
"1422",0.635927,0.127145,13.078514
"1423",0.719005,0.146344,9.004646
"1424",0.585637,0.155456,10.758311
"1425",0.686553,0.1393,-7.35944
"1426",0.61325,0.150788,20.569726
"1427",0.656312,0.132474,23.458378
"1428",0.571771,0.195211,5.41684
"1429",0.623589,0.230387,-14.484647
"1430",0.677896,0.184516,19.471152
"1431",0.62372,0.157416,23.667445
"1432",0.560724,0.160401,18.395595
"1433",0.617339,0.158751,2.823956
"1434",0.67453,0.205327,-29.022459
"1435",0.678982,0.167444,9.879364
"1436",0.581108,0.164268,-2.852102
"1437",0.571591,0.147495,11.301698
"1438",0.628123,0.17274,4.456231
"1439",0.662445,0.184583,7.397725
"1440",0.867044,0.137437,15.203479
"1441",0.585813,0.155652,19.186772
"1442",0.707202,0.155724,12.140467
"1443",0.866949,0.150688,9.561092
"1444",0.598903,0.175447,16.975872
"1445",0.68384,0.141413,3.225195
"1446",0.692149,0.138539,10.263796
"1447",0.587763,0.219782,-44.691316
"1448",0.807835,0.163287,10.976202
"1449",0.658699,0.205807,-7.641519
"1450",0.670093,0.140004,22.199869
"1451",0.614203,0.194782,13.682975
"1452",0.712276,0.157013,16.701058
"1453",0.786385,0.152185,5.582873
"1454",0.68894,0.159324,9.536722
"1455",0.581711,0.150527,25.456162
"1456",0.774739,0.152871,16.488966
"1457",0.739179,0.143107,33.605909
"1458",0.809488,0.142989,19.823363
"1459",0.639458,0.120695,24.059508
"1460",0.659455,0.137521,-8.201883
"1461",0.953491,0.139678,-2.652348
"1462",0.656608,0.146491,25.947552
"1463",0.881828,0.137855,2.406239
"1464",0.717644,0.156823,27.967863
"1465",0.719296,0.141613,15.271934
"1466",0.571884,0.128226,28.818907
"1467",0.894898,0.141629,-1.13623
"1468",0.557342,0.180649,45.848287
"1469",0.805002,0.140613,18.83977
"1470",0.659581,0.158295,9.179599
"1471",0.56445,0.148639,23.1943
"1472",0.8278,0.167636,20.4106
"1473",0.738804,0.141369,15.55759
"1474",0.598245,0.201785,28.250047
"1475",0.660704,0.145572,16.355749
"1476",0.683398,0.186438,-11.495767
"1477",0.644229,0.155613,9.862585
"1478",0.696241,0.145915,22.51067
"1479",0.649553,0.155739,3.348404
"1480",0.6658,0.132311,26.983075
"1481",0.649682,0.160474,10.518549
"1482",0.617089,0.155937,25.191926
"1483",0.629183,0.153216,2.419467
"1484",0.875353,0.200866,33.441715
"1485",0.632697,0.167874,3.981389
"1486",0.696489,0.130678,27.238257
"1487",0.582057,0.231085,40.741732
"1488",0.580329,0.161813,18.857632
"1489",0.635,0.143902,17.493207
"1490",0.648214,0.177961,6.51473
"1491",0.64314,0.180127,3.656064
"1492",0.656717,0.184063,-29.17245
"1493",0.610887,0.150024,-1.202866
"1494",0.58944,0.181394,51.690292
"1495",0.86568,0.127646,21.252723
"1496",0.608828,0.136339,14.456971
"1497",0.837224,0.125884,17.449995
"1498",0.881751,0.16335,17.701279
"1499",0.649782,0.162753,5.492696
"1500",0.86879,0.14536,0.485095
"1501",0.574352,0.178636,33.028651
"1502",0.440205,0.294102,69.408287
"1503",0.589377,0.181391,-10.403301
"1504",0.618415,0.165149,19.76851
"1505",0.804467,0.193035,16.32939
"1506",0.679462,0.16263,-0.865421
"1507",0.535473,0.197436,45.984691
"1508",0.740418,0.181885,32.806649
"1509",0.970002,0.127889,21.833153
"1510",0.628415,0.145381,35.398115
"1511",0.891072,0.194727,12.022944
"1512",0.54363,0.168413,-8.808845
"1513",0.850036,0.153108,8.694758
"1514",0.913242,0.14444,31.253157
"1515",0.641412,0.14772,-5.916806
"1516",0.694349,0.155117,1.043571
"1517",0.744283,0.122313,25.324679
"1518",0.692642,0.131847,8.346005
"1519",0.684054,0.154366,-10.338071
"1520",0.606987,0.210882,14.529596
"1521",0.639025,0.191284,-6.933973
"1522",0.721361,0.171923,-3.766313
"1523",0.594497,0.122542,28.473356
"1524",0.631006,0.156353,24.089799
"1525",0.585343,0.232241,49.461618
"1526",0.640369,0.215035,-8.450862
"1527",0.603266,0.133364,-3.837543
"1528",0.664739,0.14511,13.12223
"1529",0.591577,0.182667,7.805037
"1530",0.715087,0.143427,0.038002
"1531",0.523186,0.168125,29.065368
"1532",0.768021,0.130926,28.390358
"1533",0.626581,0.147685,-1.872851
"1534",0.592798,0.163496,31.369479
"1535",0.745186,0.134402,9.590367
"1536",0.664727,0.140896,20.112134
"1537",0.818664,0.119456,12.63353
"1538",0.594799,0.159633,27.113613
"1539",0.776905,0.157248,28.798116
"1540",0.822295,0.173121,18.848023
"1541",0.698928,0.138786,43.646371
"1542",0.725871,0.145989,15.707386
"1543",0.734307,0.15564,8.265376
"1544",0.750226,0.163983,14.816549
"1545",0.519883,0.205821,8.01182
"1546",0.627468,0.18333,33.610961
"1547",0.72274,0.139693,21.317319
"1548",0.84821,0.153649,11.726125
"1549",0.717284,0.132449,23.923198
"1550",0.9671,0.159398,17.849271
"1551",0.646702,0.13637,18.648925
"1552",0.631968,0.166662,-18.979982
"1553",0.623493,0.15235,20.439027
"1554",0.614343,0.174032,57.489997
"1555",0.583969,0.227611,5.8174
"1556",0.70388,0.148608,16.25895
"1557",0.727665,0.152235,5.993599
"1558",0.833435,0.129991,16.305817
"1559",0.64702,0.142249,25.168603
"1560",0.548704,0.168509,-13.821985
"1561",0.566866,0.141849,-6.651211
"1562",0.585753,0.148206,27.525139
"1563",0.66294,0.137945,8.925215
"1564",0.646205,0.11411,29.479704
"1565",0.719917,0.151814,-6.761172
"1566",0.817444,0.141386,27.033583
"1567",0.65117,0.141079,23.50934
"1568",0.813379,0.158918,15.854068
"1569",0.631798,0.18684,16.65075
"1570",0.590853,0.165064,10.981407
"1571",0.577679,0.152482,31.981473
"1572",0.570987,0.152373,18.463977
"1573",0.637716,0.158559,-0.514491
"1574",0.806598,0.147721,20.938046
"1575",0.683502,0.142472,12.873492
"1576",0.805758,0.155836,14.375732
"1577",0.547359,0.161763,23.168758
"1578",0.575187,0.178972,43.045913
"1579",0.703387,0.176919,6.491277
"1580",0.714373,0.130616,-2.402506
"1581",0.81608,0.144547,19.729298
"1582",0.712093,0.133119,37.00469
"1583",0.960244,0.127467,21.648812
"1584",0.98206,0.143285,2.527493
"1585",0.642029,0.156016,19.60611
"1586",0.764822,0.142803,17.571888
"1587",0.918982,0.141598,6.189806
"1588",0.669612,0.169977,-5.993918
"1589",0.71785,0.140243,21.321719
"1590",0.644814,0.182362,7.205504
"1591",0.737117,0.153387,2.665011
"1592",0.838998,0.136883,17.209986
"1593",0.615798,0.138746,-9.180581
"1594",0.774718,0.150164,11.556011
"1595",0.632931,0.186414,10.477199
"1596",0.885704,0.132379,2.179188
"1597",0.901132,0.135489,30.392939
"1598",0.717411,0.157913,-10.361099
"1599",0.758226,0.151302,14.730088
"1600",0.695479,0.167039,5.865283
"1601",0.734583,0.179347,25.060201
"1602",0.610172,0.13636,27.553562
"1603",0.864929,0.127016,13.154969
"1604",0.919882,0.137415,-0.316985
"1605",0.586694,0.152662,-9.481099
"1606",0.654353,0.145419,4.880988
"1607",0.978966,0.151129,2.151273
"1608",0.564234,0.158539,9.379405
"1609",0.695478,0.142205,9.566733
"1610",0.963015,0.123807,17.793825
"1611",0.821097,0.145378,12.542273
"1612",0.640646,0.166125,-1.756311
"1613",0.617522,0.14352,16.047536
"1614",0.766926,0.147293,24.841131
"1615",0.698122,0.153048,13.86279
"1616",0.678774,0.170971,36.145796
"1617",0.973519,0.134583,18.519787
"1618",0.641461,0.138926,1.743987
"1619",0.891228,0.118132,35.634804
"1620",0.619175,0.135984,18.371236
"1621",0.893222,0.140241,24.761227
"1622",0.635927,0.133713,20.232234
"1623",0.619944,0.158102,-9.872016
"1624",0.600224,0.181918,4.534378
"1625",0.584553,0.166686,47.81662
"1626",0.641768,0.166154,16.644759
"1627",0.910735,0.150067,7.312868
"1628",0.633309,0.173998,7.184531
"1629",0.717307,0.179505,15.305641
"1630",0.595245,0.223471,-33.871334
"1631",0.745583,0.154769,-6.390045
"1632",0.687348,0.120863,24.039006
"1633",0.567145,0.149435,24.618576
"1634",0.595039,0.162255,12.679172
"1635",0.695307,0.175383,0.036334
"1636",0.64667,0.142189,12.070457
"1637",0.696631,0.12661,-1.40186
"1638",0.658783,0.151751,11.649561
"1639",0.912741,0.140726,21.970924
"1640",0.628092,0.164742,11.533391
"1641",0.654829,0.187162,19.931007
"1642",0.627706,0.152261,21.952859
"1643",0.969936,0.130064,4.550616
"1644",0.634894,0.152453,-2.45871
"1645",0.682795,0.138936,26.621606
"1646",0.693648,0.166676,30.619775
"1647",0.637484,0.171141,18.961441
"1648",0.647584,0.191819,26.019694
"1649",0.847628,0.159629,19.37565
"1650",0.584293,0.156904,16.95501
"1651",0.729631,0.231014,13.471939
"1652",0.717175,0.144516,21.089362
"1653",0.614211,0.172107,37.301279
"1654",0.694307,0.148315,0.665254
"1655",0.594339,0.17418,11.663381
"1656",0.60771,0.166099,27.087109
"1657",0.624633,0.144661,17.190713
"1658",0.698605,0.155553,11.234382
"1659",0.86805,0.137898,10.824752
"1660",0.769314,0.147547,5.617457
"1661",0.829506,0.152983,12.513403
"1662",0.610077,0.171444,30.193421
"1663",0.612972,0.165497,2.878352
"1664",0.596669,0.143045,33.476822
"1665",0.667609,0.253191,-9.298595
"1666",0.742222,0.158773,8.002441
"1667",0.643346,0.149687,-21.682768
"1668",0.974234,0.135781,-0.121417
"1669",0.961469,0.138411,4.604926
"1670",0.82448,0.128173,17.774689
"1671",0.704745,0.155168,25.401316
"1672",0.654025,0.135539,21.851736
"1673",0.685638,0.143137,8.273902
"1674",0.638302,0.157717,11.863708
"1675",0.86229,0.121751,24.667673
"1676",0.853757,0.16729,14.005986
"1677",0.984853,0.120829,12.66497
"1678",0.818095,0.143485,26.143492
"1679",0.612633,0.175801,8.565381
"1680",0.692659,0.132164,7.53731
"1681",0.700141,0.133533,4.000439
"1682",0.707092,0.12808,23.176119
"1683",0.693849,0.12896,29.172421
"1684",0.718368,0.125874,29.858072
"1685",0.553726,0.166621,21.593105
"1686",0.874096,0.142458,6.062322
"1687",0.567153,0.217278,-22.026598
"1688",0.638904,0.124805,27.476031
"1689",0.568153,0.144816,31.269086
"1690",0.768991,0.152794,16.797686
"1691",0.859467,0.142355,3.611807
"1692",0.606978,0.166391,14.241146
"1693",0.746431,0.17136,1.135444
"1694",0.642271,0.184288,1.643471
"1695",0.601208,0.194438,-16.059396
"1696",0.568254,0.152653,3.304989
"1697",0.524539,0.192341,35.084029
"1698",0.667748,0.168176,4.638716
"1699",0.953699,0.133804,13.897767
"1700",0.597416,0.18004,5.13725
"1701",0.988818,0.161483,8.64912
"1702",0.623156,0.186345,12.821264
"1703",0.823985,0.13235,10.460972
"1704",0.612566,0.159783,17.93769
"1705",0.656721,0.138631,29.583816
"1706",0.585318,0.184733,28.342631
"1707",0.643715,0.216023,9.448128
"1708",0.557784,0.149012,11.124254
"1709",0.919438,0.190623,22.542223
"1710",0.645504,0.126318,-14.043239
"1711",0.985918,0.129233,18.880002
"1712",0.58407,0.156515,16.108301
"1713",0.54956,0.197645,47.717893
"1714",0.965271,0.145569,7.879345
"1715",0.552288,0.167854,30.646132
"1716",0.669741,0.128163,-4.63495
"1717",0.655772,0.155431,-0.405091
"1718",0.615001,0.17697,10.39617
"1719",0.625367,0.151025,32.939512
"1720",0.745507,0.143982,20.263301
"1721",0.709148,0.144254,11.873734
"1722",0.915233,0.149976,16.9035
"1723",0.759641,0.153913,12.529177
"1724",0.963646,0.154403,3.703576
"1725",0.609806,0.202758,14.147394
"1726",0.612435,0.144949,28.831914
"1727",0.725391,0.158464,29.166483
"1728",0.622812,0.191867,-12.624737
"1729",0.541597,0.276024,66.096873
"1730",0.693571,0.164288,-18.151973
"1731",0.586595,0.172079,13.37462
"1732",0.72956,0.134493,3.452668
"1733",0.639736,0.144349,22.641256
"1734",0.932407,0.129908,0.073787
"1735",0.62177,0.144475,5.257259
"1736",0.780923,0.189008,30.328048
"1737",0.624477,0.159865,7.790012
"1738",0.701607,0.160903,4.08588
"1739",0.660705,0.136414,17.422334
"1740",0.688166,0.157659,6.462483
"1741",0.773785,0.139339,7.120144
"1742",0.622099,0.154696,18.723249
"1743",0.65063,0.182531,26.250886
"1744",0.661908,0.16338,-8.824037
"1745",0.590257,0.242547,37.162193
"1746",0.607707,0.136686,30.974321
"1747",0.542382,0.190551,46.89587
"1748",0.573584,0.179638,50.786761
"1749",0.676692,0.152285,20.061977
"1750",0.506392,0.18806,31.530152
"1751",0.6196,0.141786,30.016958
"1752",0.599871,0.155559,-1.589997
"1753",0.950374,0.147707,19.480154
"1754",0.742467,0.127581,22.637876
"1755",0.795783,0.161881,5.890979
"1756",0.695807,0.142118,21.670907
"1757",0.672577,0.148287,11.537094
"1758",0.648957,0.140738,20.520732
"1759",0.604467,0.152711,8.932443
"1760",0.615208,0.11947,-17.066419
"1761",0.626175,0.199875,-31.636895
"1762",0.649483,0.137957,34.413189
"1763",0.891326,0.115649,21.601496
"1764",0.609411,0.186562,20.455365
"1765",0.600959,0.153238,27.625908
"1766",0.677421,0.174631,28.003128
"1767",0.588532,0.210122,-6.514511
"1768",0.712536,0.145193,19.607665
"1769",0.732497,0.160911,2.958742
"1770",0.540616,0.168861,28.917986
"1771",0.580943,0.207941,-1.183139
"1772",0.952707,0.131087,14.689228
"1773",0.983554,0.14585,17.234567
"1774",0.581787,0.125637,26.672363
"1775",0.827916,0.17459,21.636222
"1776",0.620629,0.152689,19.542568
"1777",0.988853,0.121337,16.876024
"1778",0.879814,0.158399,11.911179
"1779",0.544725,0.161158,28.290211
"1780",0.623253,0.168119,0.284766
"1781",0.63052,0.175406,30.786555
"1782",0.632254,0.181484,-1.683778
"1783",0.643026,0.166764,-4.174586
"1784",0.64819,0.16421,14.437478
"1785",0.774532,0.168267,-5.444364
"1786",0.591317,0.13883,22.31798
"1787",0.65835,0.212853,-8.611813
"1788",0.625909,0.145888,2.631863
"1789",0.727416,0.193892,-18.762877
"1790",0.663612,0.139388,19.412822
"1791",0.651992,0.184777,-2.565937
"1792",0.641451,0.144718,5.818871
"1793",0.603287,0.156392,23.266396
"1794",0.652421,0.139069,23.343845
"1795",0.601645,0.142667,9.320882
"1796",0.629816,0.150176,17.805923
"1797",0.735109,0.149244,20.961778
"1798",0.730392,0.145445,5.302304
"1799",0.639926,0.141355,24.036773
"1800",0.730799,0.122689,23.347757
"1801",0.688267,0.131174,17.958907
"1802",0.745389,0.138597,11.181516
"1803",0.975399,0.116933,8.353035
"1804",0.626944,0.159632,14.633462
"1805",0.692491,0.174098,20.399123
"1806",0.602042,0.18721,-7.67543
"1807",0.615276,0.118299,34.585107
"1808",0.714709,0.180767,19.727263
"1809",0.661581,0.161967,17.051308
"1810",0.638216,0.150746,9.305077
"1811",0.577412,0.160377,7.238374
"1812",0.62655,0.170983,-9.88967
"1813",0.665057,0.173296,10.670842
"1814",0.615726,0.154185,27.777998
"1815",0.59556,0.173978,-5.862115
"1816",0.573935,0.184334,-23.847121
"1817",0.694255,0.131381,17.449753
"1818",0.597419,0.163822,13.446422
"1819",0.421454,0.193264,-14.086077
"1820",0.584971,0.182938,-37.760096
"1821",0.672536,0.144535,20.604742
"1822",0.833415,0.131324,17.936682
"1823",0.738219,0.146945,19.16985
"1824",0.796045,0.151226,13.340157
"1825",0.835828,0.159565,13.409518
"1826",0.703104,0.136653,8.727386
"1827",0.682329,0.144407,9.90635
"1828",0.745212,0.148984,10.934103
"1829",0.656708,0.171043,20.723959
"1830",0.66766,0.134125,21.181779
"1831",0.872272,0.141355,11.757315
"1832",0.665174,0.15961,7.336122
"1833",0.869409,0.136375,17.800713
"1834",0.636461,0.154572,-0.686358
"1835",0.910261,0.174684,16.771195
"1836",0.647193,0.155402,1.038015
"1837",0.563667,0.133347,-4.937419
"1838",0.641641,0.212411,41.813433
"1839",0.66327,0.192995,5.446364
"1840",0.588443,0.154525,-0.70708
"1841",0.882654,0.152015,1.37245
"1842",0.612617,0.159613,5.131902
"1843",0.634225,0.148009,-12.149809
"1844",0.70975,0.139133,18.928034
"1845",0.710319,0.191827,2.225895
"1846",0.562505,0.135285,14.688225
"1847",0.600303,0.183644,19.493472
"1848",0.850416,0.14462,11.582058
"1849",0.587008,0.174808,4.200507
"1850",0.651278,0.154415,9.523083
"1851",0.596183,0.173493,28.161333
"1852",0.696015,0.176873,2.691969
"1853",0.656128,0.14802,18.649159
"1854",0.578207,0.147397,3.448578
"1855",0.609408,0.138744,41.49332
"1856",0.653753,0.130099,35.262172
"1857",0.628889,0.162296,5.927821
"1858",0.991963,0.140724,2.277519
"1859",0.607178,0.16253,11.791595
"1860",0.701298,0.171204,-9.165836
"1861",0.705518,0.173173,10.520849
"1862",0.641481,0.182328,8.604569
"1863",0.575881,0.16144,19.643062
"1864",0.672401,0.151921,13.423267
"1865",0.6548,0.164946,13.071793
"1866",0.734467,0.127086,24.454593
"1867",0.680502,0.148138,21.194884
"1868",0.985197,0.15591,14.274674
"1869",0.645209,0.167537,13.746662
"1870",0.660954,0.141937,15.255639
"1871",0.62904,0.158624,16.555786
"1872",0.780082,0.130792,28.045103
"1873",0.873847,0.167513,7.655254
"1874",0.547084,0.162258,-0.64934
"1875",0.595128,0.162129,23.785518
"1876",0.686608,0.133437,24.619097
"1877",0.618369,0.132389,14.390388
"1878",0.738107,0.151646,7.929208
"1879",0.646785,0.175521,15.024731
"1880",0.657523,0.135735,2.047153
"1881",0.59977,0.152643,3.338621
"1882",0.857416,0.13698,13.798648
"1883",0.592911,0.133711,13.916937
"1884",0.707626,0.161146,4.657523
"1885",0.68977,0.149229,8.673904
"1886",0.62169,0.186214,26.823288
"1887",0.643388,0.155512,3.095173
"1888",0.850731,0.169506,0.744068
"1889",0.605694,0.166348,-0.159009
"1890",0.839371,0.139964,-6.882235
"1891",0.63063,0.153267,-0.897796
"1892",0.770819,0.152497,16.511606
"1893",0.681823,0.158809,3.610836
"1894",0.587337,0.248967,35.504907
"1895",0.624183,0.168498,13.613844
"1896",0.629486,0.16955,17.684536
"1897",0.847357,0.146891,33.498432
"1898",0.614014,0.186158,7.328457
"1899",0.649504,0.129464,30.595929
"1900",0.612522,0.161294,17.794171
"1901",0.616855,0.162253,28.179755
"1902",0.756656,0.13324,20.077918
"1903",0.526392,0.176496,2.131726
"1904",0.665721,0.148133,24.184471
"1905",0.579424,0.18223,16.121351
"1906",0.920772,0.137742,-4.91241
"1907",0.695417,0.164563,24.923438
"1908",0.624081,0.166274,2.376582
"1909",0.662211,0.149029,6.93501
"1910",0.518381,0.157766,36.644245
"1911",0.632395,0.15839,-1.79074
"1912",0.642636,0.158901,-3.018919
"1913",0.600589,0.157792,4.538173
"1914",0.545965,0.213954,-27.36195
"1915",0.613116,0.157732,-2.188204
"1916",0.599521,0.167215,18.669357
"1917",0.586077,0.163969,23.812208
"1918",0.645712,0.237795,13.866903
"1919",0.622423,0.20859,37.82804
"1920",0.7818,0.150568,-0.601073
"1921",0.956119,0.140351,8.322138
"1922",0.557101,0.199987,-3.425874
"1923",0.660664,0.137876,10.285067
"1924",0.828511,0.143017,14.299159
"1925",0.562391,0.172639,28.975403
"1926",0.929775,0.160062,20.983973
"1927",0.904496,0.148059,20.777887
"1928",0.806496,0.142889,1.70115
"1929",0.620279,0.161277,-11.646293
"1930",0.857783,0.149041,8.991654
"1931",0.886844,0.12954,7.894749
"1932",0.573135,0.191018,26.213547
"1933",0.638841,0.163872,-3.414935
"1934",0.484187,0.145632,28.833813
"1935",0.893412,0.145449,-0.190423
"1936",0.666941,0.133592,-7.655193
"1937",0.629427,0.143996,17.162766
"1938",0.607355,0.180801,2.429009
"1939",0.603617,0.198046,30.116509
"1940",0.902661,0.150796,12.045178
"1941",0.58835,0.150908,23.42374
"1942",0.639386,0.178206,26.074927
"1943",0.603593,0.147803,29.798173
"1944",0.716481,0.147828,19.494351
"1945",0.807472,0.1434,12.756482
"1946",0.899142,0.123126,18.965446
"1947",0.559425,0.206068,-8.015082
"1948",0.647212,0.378281,123.343987
"1949",0.693343,0.150965,2.884795
"1950",0.600917,0.191118,17.426177
"1951",0.718841,0.143664,8.220629
"1952",0.584364,0.138313,21.364892
"1953",0.636099,0.152969,17.773306
"1954",0.600453,0.120313,27.125866
"1955",0.755598,0.147023,15.734405
"1956",0.727748,0.143639,12.788621
"1957",0.635811,0.150486,33.14939
"1958",0.6003,0.187229,21.758096
"1959",0.631351,0.15804,25.58634
"1960",0.61637,0.177445,-3.35136
"1961",0.614174,0.194777,13.065565
"1962",0.613504,0.120847,4.983331
"1963",0.617374,0.149335,-4.905385
"1964",0.903366,0.141217,0.126281
"1965",0.609617,0.151704,19.717015
"1966",0.618389,0.147352,0.196413
"1967",0.661881,0.201045,42.469511
"1968",0.591819,0.163058,2.161007
"1969",0.616934,0.150607,-3.488739
"1970",0.564619,0.155091,21.749711
"1971",0.687749,0.151529,5.040461
"1972",0.596436,0.175685,21.977115
"1973",0.943381,0.178461,32.683326
"1974",0.655566,0.156715,18.148852
"1975",0.630717,0.125719,31.108588
"1976",0.60319,0.155409,16.846476
"1977",0.627908,0.148734,10.235813
"1978",0.683891,0.156436,30.229821
"1979",0.663076,0.156262,13.416679
"1980",0.862712,0.139705,7.027888
"1981",0.667562,0.167114,2.828006
"1982",0.648311,0.153822,12.338711
"1983",0.659493,0.14693,19.394972
"1984",0.614539,0.196737,50.478952
"1985",0.627895,0.203694,28.895385
"1986",0.79316,0.188381,34.835698
"1987",0.64385,0.144827,0.347018
"1988",0.552245,0.153898,48.062245
"1989",0.860509,0.135198,29.194343
"1990",0.444986,0.161792,16.69476
"1991",0.710628,0.143861,16.633197
"1992",0.673877,0.173495,9.17931
"1993",0.748737,0.115797,22.395567
"1994",0.957644,0.132277,10.977339
"1995",0.550966,0.151669,31.733762
"1996",0.632552,0.156741,24.381885
"1997",0.593035,0.145169,14.886308
"1998",0.769734,0.162171,1.529225
"1999",0.706094,0.177858,6.692651
"2000",0.654927,0.148116,11.214805
"2001",0.668631,0.166109,19.842092
"2002",0.596314,0.193785,-20.892877
"2003",0.594382,0.152429,38.084234
"2004",0.909344,0.293341,12.191478
"2005",0.659589,0.128124,33.288363
"2006",0.588707,0.125534,36.273179
"2007",0.842042,0.137344,17.559882
"2008",0.650495,0.170077,14.734113
"2009",0.709152,0.155111,24.413809
"2010",0.528026,0.123814,26.96346
"2011",0.642065,0.143998,22.648518
"2012",0.826981,0.128787,1.948409
"2013",0.606907,0.15891,11.623906
"2014",0.658465,0.183244,6.38893
"2015",0.597886,0.18648,12.920415
"2016",0.610386,0.135306,15.207852
"2017",0.72066,0.166725,17.519314
"2018",0.602174,0.14311,43.583204
"2019",0.784566,0.146961,14.39829
"2020",0.681393,0.148283,17.903426
"2021",0.595191,0.137219,4.903757
"2022",0.603444,0.192858,37.073041
"2023",0.647016,0.168157,19.618198
"2024",0.741303,0.147862,1.836928
"2025",0.553518,0.193541,26.554437
"2026",0.618358,0.186464,-6.942973
"2027",0.626743,0.201224,-16.856812
"2028",0.602747,0.194973,19.910837
"2029",0.684949,0.181153,11.386587
"2030",0.569243,0.154612,17.675273
"2031",0.647283,0.154798,19.947579
"2032",0.692707,0.183213,15.552394
"2033",0.607745,0.17064,22.34367
"2034",0.665897,0.179186,7.719165
"2035",0.614363,0.20955,8.014935
"2036",0.687946,0.162399,16.817492
"2037",0.55315,0.16779,28.717278
"2038",0.763486,0.155309,14.312296
"2039",0.599918,0.155797,32.801709
"2040",0.578736,0.144365,21.004075
"2041",0.984588,0.138145,9.677288
"2042",0.931102,0.149781,-8.216154
"2043",0.617713,0.171557,9.758082
"2044",0.581278,0.122786,27.104091
"2045",0.733786,0.135336,7.528554
"2046",0.593484,0.163277,22.002868
"2047",0.661842,0.12774,17.058272
"2048",0.490209,0.152387,-1.952897
"2049",0.617965,0.17277,-1.209427
"2050",0.70653,0.1735,25.573805
"2051",0.565315,0.189041,-14.277692
"2052",0.599393,0.143621,-15.209994
"2053",0.627615,0.235314,-17.055392
"2054",0.498766,0.216816,34.554082
"2055",0.649722,0.161053,28.967964
"2056",0.582747,0.147206,14.785302
"2057",0.59168,0.159028,12.105388
"2058",0.660855,0.136085,20.593708
"2059",0.567704,0.150485,23.606339
"2060",0.678269,0.139419,19.234635
"2061",0.692214,0.150297,11.905722
"2062",0.671617,0.131018,-2.759071
"2063",0.679513,0.143898,-21.679012
"2064",0.615634,0.142337,32.818657
"2065",0.678889,0.141802,10.358864
"2066",0.714736,0.20535,38.301126
"2067",0.606413,0.168794,-18.766588
"2068",0.557875,0.248817,-29.197867
"2069",0.616883,0.227183,-34.480832
"2070",0.597194,0.179584,18.212058
"2071",0.860707,0.135989,22.507302
"2072",0.588382,0.151925,22.88179
"2073",0.736205,0.176851,34.121392
"2074",0.853482,0.152973,5.718607
"2075",0.584418,0.147832,14.957159
"2076",0.805817,0.147212,9.954879
"2077",0.563067,0.119775,31.314201
"2078",0.694485,0.124409,22.152889
"2079",0.760131,0.141403,-3.363168
"2080",0.611738,0.144132,26.004853
"2081",0.638545,0.156623,17.183558
"2082",0.64612,0.17258,10.78631
"2083",0.567164,0.151376,32.581603
"2084",0.632759,0.154374,0.357558
"2085",0.986738,0.148908,-1.15512
"2086",0.942255,0.122088,22.945659
"2087",0.619991,0.183518,1.310864
"2088",0.695786,0.160664,12.542162
"2089",0.69197,0.182003,1.250934
"2090",0.718182,0.164017,5.227531
"2091",0.93679,0.145911,16.542959
"2092",0.888044,0.149389,14.745749
"2093",0.833614,0.16253,13.656351
"2094",0.795663,0.150167,11.984505
"2095",0.693865,0.135493,29.281467
"2096",0.565943,0.190611,9.359738
"2097",0.885212,0.137792,15.244137
"2098",0.729121,0.158113,23.482835
"2099",0.891507,0.143406,1.811232
"2100",0.957437,0.143535,2.434679
"2101",0.607182,0.168647,3.732607
"2102",0.896984,0.140148,19.555032
"2103",0.71602,0.134166,25.390914
"2104",0.608453,0.183617,-16.649617
"2105",0.52682,0.183626,15.898177
"2106",0.929227,0.150301,7.396466
"2107",0.82372,0.137473,-6.664383
"2108",0.604256,0.166041,18.588046
"2109",0.872772,0.143108,13.120504
"2110",0.760756,0.156151,-4.657187
"2111",0.713277,0.159792,8.989559
"2112",0.88011,0.148111,3.448009
"2113",0.656159,0.155675,16.841008
"2114",0.633125,0.152957,0.138805
"2115",0.573343,0.155745,24.571852
"2116",0.616906,0.23056,3.15467
"2117",0.793594,0.14045,8.596355
"2118",0.61994,0.176722,26.707397
"2119",0.740433,0.158042,10.119668
"2120",0.655835,0.139951,-0.186871
"2121",0.627145,0.16004,44.50532
"2122",0.877079,0.137257,19.870974
"2123",0.978655,0.143575,17.446214
"2124",0.635393,0.13216,28.859626
"2125",0.55438,0.11695,33.904088
"2126",0.668948,0.141519,22.367937
"2127",0.596824,0.127962,23.873507
"2128",0.736746,0.184788,-15.830079
"2129",0.780907,0.14097,-4.596459
"2130",0.719062,0.160592,-0.920199
"2131",0.703478,0.156748,6.294238
"2132",0.613691,0.197507,48.67977
"2133",0.737646,0.129857,17.478877
"2134",0.5406,0.180758,28.843999
"2135",0.644075,0.172433,-10.032098
"2136",0.561041,0.139196,-3.453763
"2137",0.629853,0.14362,0.866078
"2138",0.828829,0.156656,13.37939
"2139",0.918713,0.147525,14.149986
"2140",0.60207,0.159994,18.841963
"2141",0.636404,0.158633,14.237163
"2142",0.809141,0.114967,19.995269
"2143",0.718104,0.120575,33.918909
"2144",0.69144,0.150866,7.471169
"2145",0.596055,0.14852,-3.425911
"2146",0.960532,0.142173,11.43501
"2147",0.687299,0.135243,23.037298
"2148",0.645919,0.154104,4.31482
"2149",0.708687,0.131031,-6.766847
"2150",0.904705,0.151693,9.587357
"2151",0.568634,0.135196,13.136447
"2152",0.669391,0.198384,8.758668
"2153",0.666326,0.135719,21.946809
"2154",0.752287,0.129612,-6.666429
"2155",0.62636,0.187995,26.859819
"2156",0.580202,0.145156,26.5884
"2157",0.762765,0.155362,1.122253
"2158",0.622439,0.171296,-6.009638
"2159",0.5876,0.151713,2.997697
"2160",0.575282,0.156038,26.676378
"2161",0.585047,0.181529,-7.643217
"2162",0.673533,0.178553,2.350996
"2163",0.671077,0.15021,0.379454
"2164",0.572269,0.166639,-3.559126
"2165",0.551029,0.180609,-15.447782
"2166",0.570809,0.112306,35.887041
"2167",0.656988,0.163245,-5.557799
"2168",0.570797,0.161023,24.643925
"2169",0.521841,0.133472,28.432017
"2170",0.685204,0.136099,17.965094
"2171",0.585796,0.16071,18.441265
"2172",0.673549,0.263194,-45.361449
"2173",0.707091,0.141793,18.270519
"2174",0.696008,0.177768,19.612204
"2175",0.568054,0.152088,39.621905
"2176",0.553166,0.153871,15.057549
"2177",0.661343,0.153131,9.712791
"2178",0.531747,0.158227,11.420679
"2179",0.557907,0.15133,23.206362
"2180",0.846645,0.154676,20.595441
"2181",0.579612,0.169962,18.759643
"2182",0.694404,0.179088,6.362807
"2183",0.565638,0.161836,16.865762
"2184",0.710233,0.183966,11.851458
"2185",0.797197,0.151045,2.83494
"2186",0.687153,0.169814,6.12943
"2187",0.60255,0.1307,13.374398
"2188",0.533545,0.146563,4.291585
"2189",0.69518,0.18851,3.176004
"2190",0.522129,0.181478,35.328001
"2191",0.526983,0.183837,28.572125
"2192",0.555438,0.169415,12.304877
"2193",0.742627,0.150276,16.470939
"2194",0.691448,0.15514,9.784792
"2195",0.651092,0.169553,5.728747
"2196",0.552007,0.161893,22.109973
"2197",0.625489,0.156822,12.69772
"2198",0.64007,0.137591,15.557182
"2199",0.609423,0.222873,24.251144
"2200",0.666272,0.144269,-1.254315
"2201",0.55232,0.160419,32.844971
"2202",0.928004,0.139508,-2.444842
"2203",0.610399,0.178149,-19.472865
"2204",0.592023,0.17508,30.671808
"2205",0.603896,0.202413,16.852107
"2206",0.684486,0.112028,17.320337
"2207",0.733983,0.15682,6.840159
"2208",0.626625,0.147812,9.378689
"2209",0.603048,0.160029,11.872699
"2210",0.702558,0.164182,19.260653
"2211",0.680748,0.164013,6.930307
"2212",0.904569,0.139212,-5.512444
"2213",0.634261,0.158073,27.431375
"2214",0.71674,0.147204,-7.434655
"2215",0.606057,0.179002,37.511862
"2216",0.631291,0.196826,3.182565
"2217",0.745788,0.144081,12.119382
"2218",0.869294,0.140172,26.225411
"2219",0.696321,0.126637,33.24227
"2220",0.67886,0.162516,8.305836
"2221",0.714319,0.168737,25.980247
"2222",0.577991,0.206365,24.19631
"2223",0.724142,0.146149,6.402244
"2224",0.707877,0.160939,-3.466597
"2225",0.68684,0.146639,23.660618
"2226",0.746335,0.159185,-1.122795
"2227",0.5959,0.177751,13.246358
"2228",0.832771,0.161659,-0.206181
"2229",0.570389,0.152656,21.543916
"2230",0.739773,0.174371,5.048031
"2231",0.549018,0.127106,35.920721
"2232",0.596468,0.164201,-4.813264
"2233",0.72555,0.146969,6.078762
"2234",0.747924,0.17833,7.302236
"2235",0.618991,0.134383,-4.042862
"2236",0.6735,0.1403,17.22682
"2237",0.645998,0.15022,19.749322
"2238",0.65959,0.171339,21.522612
"2239",0.685075,0.193105,7.274167
"2240",0.612226,0.157681,-5.278642
"2241",0.720182,0.166872,8.066923
"2242",0.612182,0.176269,-16.267993
"2243",0.623899,0.180572,-13.187449
"2244",0.651265,0.17205,0.739245
"2245",0.624426,0.150613,-7.385588
"2246",0.707319,0.157189,13.53818
"2247",0.699944,0.175035,18.388646
"2248",0.632787,0.168104,6.857837
"2249",0.56795,0.169183,-8.588455
"2250",0.673989,0.148632,-11.379753
"2251",0.671021,0.145991,25.004723
"2252",0.695681,0.15178,20.364649
"2253",0.665219,0.140222,13.083593
"2254",0.654916,0.173029,-4.987481
"2255",0.590834,0.169319,-19.518011
"2256",0.530844,0.153404,28.198907
"2257",0.676434,0.153761,13.490542
"2258",0.741112,0.161786,20.915895
"2259",0.796886,0.125788,14.750804
"2260",0.728803,0.174563,0.476086
"2261",0.620367,0.189677,9.765585
"2262",0.666058,0.143642,8.052279
"2263",0.659601,0.155085,41.907616
"2264",0.635344,0.147555,19.57454
"2265",0.62088,0.126883,23.005357
"2266",0.592938,0.191685,-47.157064
"2267",0.556086,0.212577,45.314876
"2268",0.600205,0.162875,32.941873
"2269",0.767518,0.141361,1.30444
"2270",0.683047,0.132362,19.859547
"2271",0.651031,0.142448,17.692099
"2272",0.854724,0.156444,-1.868661
"2273",0.855673,0.184187,-20.021575
"2274",0.597597,0.132714,17.411301
"2275",0.702061,0.176145,3.197656
"2276",0.642372,0.159502,-8.920111
"2277",0.801911,0.167694,16.804573
"2278",0.583215,0.201452,-22.063659
"2279",0.567517,0.194722,22.752813
"2280",0.557754,0.144441,-9.550626
"2281",0.769399,0.139727,26.113707
"2282",0.777032,0.194765,12.266257
"2283",0.624295,0.156067,-3.317398
"2284",0.590635,0.186193,36.416986
"2285",0.554071,0.167574,19.40538
"2286",0.633199,0.150836,3.289557
"2287",0.604836,0.153994,2.842821
"2288",0.734249,0.147378,-3.429317
"2289",0.5669,0.235488,-5.591201
"2290",0.666818,0.161187,11.197398
"2291",0.539898,0.142704,32.411013
"2292",0.616516,0.151252,49.157399
"2293",0.959021,0.142667,18.640121
"2294",0.531982,0.147862,37.575839
"2295",0.659046,0.14647,34.849058
"2296",0.653534,0.127726,15.05739
"2297",0.650366,0.219536,21.232945
"2298",0.654958,0.16973,16.31584
"2299",0.623301,0.172153,4.675092
"2300",0.608398,0.195104,39.19711
