"","edge","mean","pattern"
"1",0.636264,0.156339,25.071647
"2",0.616375,0.165069,5.242053
"3",0.603078,0.148747,16.666074
"4",0.817092,0.153464,7.324422
"5",0.684505,0.156212,5.606484
"6",0.710087,0.137957,18.055098
"7",0.819768,0.1621,5.358141
"8",0.595473,0.154836,37.646354
"9",0.670863,0.175723,7.614201
"10",0.904377,0.140331,19.307461
"11",0.975989,0.151192,17.182702
"12",0.611056,0.165077,11.756232
"13",0.561625,0.152439,21.683018
"14",0.729025,0.156062,11.085531
"15",0.504949,0.186019,14.838254
"16",0.916623,0.149627,15.733417
"17",0.673393,0.152501,14.89569
"18",0.560685,0.151717,7.162241
"19",0.651423,0.153537,25.278886
"20",0.546747,0.17903,19.736376
"21",0.937354,0.1352,18.478998
"22",0.607076,0.173677,15.033845
"23",0.914881,0.130471,17.570746
"24",0.742539,0.149725,3.781276
"25",0.680172,0.153284,9.643224
"26",0.908252,0.147904,16.631333
"27",0.916613,0.136363,18.557332
"28",0.721269,0.183652,11.654829
"29",0.899372,0.141013,15.073094
"30",0.848338,0.15625,5.381685
"31",0.644305,0.161297,18.439011
"32",0.714158,0.164653,9.389688
"33",0.643383,0.156795,20.307054
"34",0.647563,0.177076,21.616753
"35",0.646747,0.163978,3.76999
"36",0.795323,0.143301,22.566154
"37",0.711788,0.165963,11.06727
"38",0.727148,0.150763,14.747894
"39",0.750457,0.170575,2.922875
"40",0.725306,0.15292,7.441623
"41",0.673245,0.152862,18.201229
"42",0.630461,0.153383,16.28633
"43",0.910588,0.140244,18.820855
"44",0.955392,0.139284,10.17633
"45",0.618518,0.151376,12.596308
"46",0.778067,0.154642,11.983062
"47",0.908323,0.140838,14.329676
"48",0.961152,0.140267,2.172191
"49",0.805067,0.145831,19.2157
"50",0.80132,0.134491,24.42109
"51",0.963512,0.144999,14.278433
"52",0.786509,0.144968,12.652122
"53",0.616241,0.12647,27.07261
"54",0.801983,0.159994,14.016998
"55",0.762393,0.150643,5.967589
"56",0.630176,0.147778,10.114203
"57",0.597625,0.160864,8.071705
"58",0.635629,0.149936,6.523129
"59",0.889417,0.141561,17.387591
"60",0.973647,0.148253,11.741065
"61",0.735324,0.152461,3.960537
"62",0.832174,0.163504,11.63717
"63",0.824612,0.15397,20.474334
"64",0.896065,0.149349,14.89894
"65",0.553644,0.121989,21.27045
"66",0.616882,0.127527,12.267732
"67",0.625403,0.139652,19.754372
"68",0.750623,0.161708,10.394896
"69",0.7011,0.15225,19.269549
"70",0.855532,0.140801,16.462854
"71",0.943013,0.12838,24.056592
"72",0.944945,0.161676,5.630745
"73",0.964816,0.149738,16.582232
"74",0.729392,0.155213,22.062561
"75",0.673594,0.15488,4.864103
"76",0.557496,0.148963,19.765804
"77",0.639351,0.156155,14.541783
"78",0.881522,0.148559,16.47121
"79",0.678177,0.148574,5.639992
"80",0.967087,0.154451,8.960774
"81",0.868446,0.142206,13.823048
"82",0.947685,0.15053,-0.892588
"83",0.726968,0.152249,22.104403
"84",0.989204,0.152036,1.323341
"85",0.970135,0.144386,7.118713
"86",0.735116,0.134218,24.688695
"87",0.648934,0.146101,21.995021
"88",0.673122,0.157998,9.509322
"89",0.888934,0.153286,15.001105
"90",0.659537,0.164305,7.70858
"91",0.811191,0.155716,14.8734
"92",0.875146,0.147622,12.273759
"93",0.932064,0.142276,16.828324
"94",0.884363,0.146676,17.720683
"95",0.760759,0.141583,20.589709
"96",0.695816,0.148368,-2.223148
"97",0.872919,0.159971,10.879105
"98",0.706328,0.160236,14.634034
"99",0.925981,0.144009,14.682795
"100",0.833877,0.148989,7.581335
"101",0.59239,0.135929,20.562572
"102",0.713009,0.155102,-0.672151
"103",0.607297,0.153286,25.251357
"104",0.641189,0.16369,11.005124
"105",0.80994,0.152337,18.228024
"106",0.886079,0.15274,11.153199
"107",0.804073,0.140245,19.797222
"108",0.907054,0.150357,16.647838
"109",0.992194,0.152717,6.690325
"110",0.712531,0.148509,17.00842
"111",0.9322,0.147119,10.617004
"112",0.960338,0.140189,8.160866
"113",0.709467,0.147111,11.903368
"114",0.608109,0.162565,19.241544
"115",0.722936,0.154866,13.710816
"116",0.584113,0.142361,20.741266
"117",0.601807,0.176308,-10.178569
"118",0.74962,0.157682,0.864768
"119",0.963131,0.144365,2.750219
"120",0.923787,0.151604,10.040532
"121",0.643828,0.168962,12.455381
"122",0.710209,0.152592,14.687015
"123",0.858112,0.153496,11.930479
"124",0.625344,0.147068,16.51736
"125",0.958989,0.156828,12.190917
"126",0.552612,0.141458,16.413589
"127",0.584393,0.159857,18.562695
"128",0.594852,0.17772,-0.765074
"129",0.743637,0.147304,17.561095
"130",0.913817,0.141584,14.929034
"131",0.983577,0.141074,10.524974
"132",0.634449,0.156689,16.498691
"133",0.647759,0.163205,15.499561
"134",0.644728,0.134997,21.822798
"135",0.578514,0.12933,23.335097
"136",0.830399,0.146249,7.787238
"137",0.770155,0.155265,16.259463
"138",0.623962,0.134942,16.616791
"139",0.905042,0.170511,18.650762
"140",0.94894,0.152079,3.069066
"141",0.799375,0.154179,16.2355
"142",0.899001,0.152912,14.73476
"143",0.866787,0.151697,11.252111
"144",0.87379,0.149859,10.012492
"145",0.566159,0.154025,19.882324
"146",0.791506,0.151136,16.696254
"147",0.716278,0.139504,19.481545
"148",0.794303,0.147812,17.131193
"149",0.640475,0.157021,10.553928
"150",0.635076,0.153169,16.07748
"151",0.89451,0.147303,9.59688
"152",0.770111,0.144222,8.967409
"153",0.757961,0.154838,5.307916
"154",0.691278,0.156684,15.589762
"155",0.785392,0.15225,14.268207
"156",0.574182,0.152281,30.05326
"157",0.645319,0.148738,21.479685
"158",0.934352,0.161167,1.994062
"159",0.744633,0.150171,7.27703
"160",0.655296,0.143445,18.137222
"161",0.639181,0.155569,18.339954
"162",0.631532,0.13936,25.441325
"163",0.781698,0.154297,15.871417
"164",0.915591,0.146379,18.627047
"165",0.59224,0.152823,22.678305
"166",0.768556,0.143132,14.913216
"167",0.915689,0.14658,11.048575
"168",0.941279,0.144376,16.893256
"169",0.635775,0.16897,10.814631
"170",0.897989,0.134339,21.688174
"171",0.737745,0.153722,13.70488
"172",0.819363,0.138058,19.744092
"173",0.803272,0.149776,0.06745
"174",0.930388,0.152233,10.800085
"175",0.655441,0.142193,13.892725
"176",0.864506,0.135192,16.695883
"177",0.956105,0.153268,11.991498
"178",0.922279,0.149655,14.852166
"179",0.664727,0.161822,13.212637
"180",0.577432,0.165765,24.212089
"181",0.75733,0.154144,21.463069
"182",0.643757,0.16683,3.098322
"183",0.915548,0.154092,17.57736
"184",0.764907,0.164912,6.487705
"185",0.966357,0.14521,16.429721
"186",0.620289,0.135474,26.398062
"187",0.671044,0.163599,10.838775
"188",0.918128,0.131712,18.174172
"189",0.681823,0.141282,21.376715
"190",0.648313,0.19252,30.549208
"191",0.652378,0.188407,-5.345941
"192",0.966157,0.150108,10.890967
"193",0.448862,0.163695,26.922073
"194",0.61001,0.17332,10.392985
"195",0.616264,0.133734,18.690505
"196",0.683431,0.138454,18.429226
"197",0.616282,0.168785,-3.108932
"198",0.726023,0.163971,11.940525
"199",0.618734,0.154761,-4.063491
"200",0.645921,0.147442,18.090725
"201",0.654144,0.159205,14.632587
"202",0.592279,0.171681,39.086189
"203",0.605104,0.166939,17.323395
"204",0.690807,0.165866,23.627709
"205",0.69938,0.186419,-1.110821
"206",0.645374,0.152448,19.34841
"207",0.632802,0.167302,14.598385
"208",0.644781,0.170033,17.151992
"209",0.714273,0.146944,18.20935
"210",0.625935,0.167159,6.419559
"211",0.857339,0.145901,17.665248
"212",0.877128,0.145162,18.244466
"213",0.63501,0.156802,13.180977
"214",0.621134,0.153144,17.443049
"215",0.589698,0.176959,6.322074
"216",0.644108,0.157752,18.968843
"217",0.922347,0.160911,9.520543
"218",0.759452,0.156133,18.039204
"219",0.575569,0.153234,16.4272
"220",0.626528,0.163179,19.342761
"221",0.658834,0.15614,15.145453
"222",0.811698,0.149896,19.236664
"223",0.648231,0.134985,21.015496
"224",0.608568,0.168104,19.151751
"225",0.765419,0.143063,13.424229
"226",0.847867,0.140981,21.764374
"227",0.591696,0.154345,21.417806
"228",0.610163,0.154857,14.784485
"229",0.635927,0.16986,12.410486
"230",0.616044,0.155587,17.628171
"231",0.580251,0.16361,5.260767
"232",0.747156,0.135169,22.65727
"233",0.969953,0.148175,9.999452
"234",0.608772,0.143014,17.444017
"235",0.92061,0.155012,8.686689
"236",0.583801,0.154887,22.580221
"237",0.602492,0.148311,20.033273
"238",0.9455,0.144766,9.965533
"239",0.740047,0.146427,19.889753
"240",0.900306,0.154717,15.075718
"241",0.660789,0.174882,22.592031
"242",0.687524,0.151344,8.952306
"243",0.634049,0.158393,18.921951
"244",0.795253,0.140485,20.859388
"245",0.677698,0.151548,12.199464
"246",0.731763,0.15436,16.409623
"247",0.713151,0.149888,11.278001
"248",0.754998,0.15605,16.8776
"249",0.620168,0.166661,19.585996
"250",0.696405,0.15717,15.179474
"251",0.569029,0.165092,-2.204772
"252",0.968229,0.148402,2.66327
"253",0.59484,0.149881,20.104513
"254",0.685814,0.159367,12.866245
"255",0.591226,0.159277,3.251377
"256",0.71001,0.15267,14.809306
"257",0.679028,0.151726,13.380654
"258",0.705802,0.172915,12.505936
"259",0.712377,0.168362,14.551349
"260",0.663235,0.156159,18.347366
"261",0.589389,0.139773,22.464355
"262",0.669982,0.153911,21.941235
"263",0.798932,0.1395,20.149346
"264",0.927542,0.137079,19.22332
"265",0.633233,0.138727,23.053869
"266",0.616675,0.164948,7.595682
"267",0.718595,0.164474,15.643156
"268",0.847525,0.141909,18.470937
"269",0.816594,0.156304,13.226355
"270",0.839743,0.15036,17.33593
"271",0.852397,0.151188,14.854905
"272",0.645685,0.157423,14.639994
"273",0.655047,0.153909,21.558139
"274",0.658645,0.152141,17.804326
"275",0.798982,0.139043,19.373553
"276",0.982352,0.143324,13.955602
"277",0.648871,0.169223,22.760922
"278",0.642295,0.150075,18.414509
"279",0.679033,0.166066,0.693161
"280",0.73183,0.145932,19.237467
"281",0.834038,0.144919,16.869575
"282",0.620855,0.153775,19.304741
"283",0.701749,0.143909,22.586696
"284",0.917731,0.151994,2.32318
"285",0.73161,0.155462,-0.858696
"286",0.929613,0.15254,11.406591
"287",0.668359,0.147354,19.255102
"288",0.69177,0.172201,15.551853
"289",0.832918,0.149686,15.124237
"290",0.713423,0.139504,17.815204
"291",0.895256,0.14129,18.994351
"292",0.952446,0.150659,17.565442
"293",0.624466,0.166866,5.002089
"294",0.912626,0.138438,1.146101
"295",0.684579,0.160155,7.935119
"296",0.825855,0.149667,11.477363
"297",0.633505,0.181325,7.28773
"298",0.82884,0.160047,7.177804
"299",0.679344,0.15806,17.238442
"300",0.984464,0.151149,10.043762
"301",0.768705,0.162683,4.91923
"302",0.978382,0.147025,11.860785
"303",0.528048,0.157603,17.396647
"304",0.934673,0.146193,17.058847
"305",0.692288,0.155824,9.308644
"306",0.803061,0.146484,10.017188
"307",0.924318,0.152699,9.98025
"308",0.736396,0.153955,15.753349
"309",0.823392,0.149954,10.290129
"310",0.877178,0.156524,12.94149
"311",0.709139,0.141212,19.607874
"312",0.685533,0.142361,22.477821
"313",0.924791,0.145193,7.439349
"314",0.599042,0.183791,30.403268
"315",0.791195,0.139922,21.110813
"316",0.648604,0.158835,16.681456
"317",0.579319,0.152602,17.109591
"318",0.618437,0.158807,11.147463
"319",0.750886,0.147428,12.86435
"320",0.600762,0.145623,20.348172
"321",0.669189,0.148816,13.568824
"322",0.593053,0.15807,16.829741
"323",0.810996,0.131438,21.083305
"324",0.720934,0.165469,7.707482
"325",0.690002,0.148634,15.002351
"326",0.543337,0.139403,24.20358
"327",0.813364,0.153283,18.299069
"328",0.832828,0.1506,19.739901
"329",0.869614,0.144357,13.475752
"330",0.708502,0.154184,15.987043
"331",0.629142,0.172528,13.431918
"332",0.68536,0.152316,13.028173
"333",0.749124,0.143754,23.255638
"334",0.761037,0.144883,12.776087
"335",0.616982,0.19153,42.502318
"336",0.624913,0.161467,17.485755
"337",0.578822,0.169591,-29.73256
"338",0.643763,0.147137,14.905306
"339",0.665443,0.156544,13.64533
"340",0.636312,0.148274,17.123309
"341",0.618485,0.159507,10.932826
"342",0.667016,0.159014,3.635556
"343",0.603839,0.156195,10.985965
"344",0.665352,0.153272,0.662592
"345",0.585383,0.132534,18.616357
"346",0.656994,0.163618,14.045641
"347",0.691455,0.156836,15.061029
"348",0.647879,0.146662,21.427761
"349",0.63633,0.153449,-1.642846
"350",0.621981,0.154524,-2.866446
"351",0.627403,0.158548,16.651275
"352",0.600853,0.149196,13.284145
"353",0.737206,0.144047,13.592978
"354",0.627459,0.149748,14.180442
"355",0.733816,0.137543,20.724858
"356",0.738409,0.159813,14.706579
"357",0.632364,0.145385,20.593568
"358",0.666602,0.161227,14.217011
"359",0.662804,0.139943,21.360711
"360",0.863089,0.147782,1.341405
"361",0.904387,0.133113,15.111475
"362",0.834878,0.147767,19.683321
"363",0.718121,0.154234,18.328372
"364",0.848147,0.15473,14.462807
"365",0.750069,0.163987,14.685013
"366",0.921041,0.143861,5.375334
"367",0.933883,0.138977,11.158972
"368",0.635012,0.164882,27.802688
"369",0.683095,0.155048,1.119789
"370",0.697395,0.161023,6.626446
"371",0.731121,0.149518,8.645266
"372",0.790555,0.157425,3.860164
"373",0.919693,0.1622,14.981543
"374",0.65225,0.13982,22.207729
"375",0.72428,0.151634,20.621287
"376",0.72821,0.157452,18.5513
"377",0.612624,0.151197,19.113337
"378",0.676938,0.160713,14.551539
"379",0.729544,0.142033,6.677564
"380",0.729627,0.180776,10.132397
"381",0.685421,0.137649,19.999432
"382",0.685884,0.1511,16.677654
"383",0.600267,0.149541,22.755995
"384",0.604831,0.148381,19.397442
"385",0.614782,0.17559,26.444471
"386",0.861245,0.149382,3.948794
"387",0.779277,0.166481,7.639542
"388",0.649345,0.178259,29.674117
"389",0.833051,0.158067,13.513317
"390",0.649886,0.169362,8.130894
"391",0.575402,0.156801,28.641906
"392",0.591563,0.15071,20.803632
"393",0.993597,0.144326,12.124771
"394",0.654147,0.144287,11.8961
"395",0.70954,0.144051,19.054434
"396",0.67428,0.163639,6.119911
"397",0.677604,0.159473,10.450266
"398",0.651985,0.145527,16.115409
"399",0.677872,0.149772,3.305417
"400",0.634298,0.156347,16.702557
"401",0.989161,0.145098,5.10107
"402",0.919588,0.139723,16.429153
"403",0.686328,0.148132,17.208004
"404",0.672574,0.147596,6.380179
"405",0.645102,0.154565,16.630414
"406",0.625908,0.142498,16.714971
"407",0.682877,0.155797,16.233435
"408",0.650008,0.153824,13.83647
"409",0.784643,0.148749,20.109829
"410",0.949071,0.158248,15.300908
"411",0.752777,0.156868,7.151308
"412",0.652329,0.182205,26.894465
"413",0.79251,0.137456,18.141452
"414",0.718112,0.157244,4.357168
"415",0.922362,0.136407,17.941417
"416",0.615541,0.179929,9.38486
"417",0.600759,0.153507,21.816927
"418",0.593413,0.152995,20.452053
"419",0.6593,0.16381,10.492161
"420",0.636172,0.160707,10.703034
"421",0.727803,0.160538,13.614861
"422",0.661625,0.166192,4.848506
"423",0.819286,0.162112,15.551414
"424",0.600556,0.158051,15.745363
"425",0.607911,0.157168,11.211342
"426",0.813578,0.146721,18.797847
"427",0.804422,0.140901,25.25105
"428",0.806932,0.148388,12.837075
"429",0.905896,0.150659,10.202817
"430",0.913109,0.146615,4.859363
"431",0.827142,0.146441,17.374738
"432",0.958751,0.150527,3.353278
"433",0.958852,0.152185,11.508009
"434",0.834506,0.148291,16.445558
"435",0.887592,0.151391,19.978672
"436",0.828116,0.151127,17.204823
"437",0.74373,0.148946,18.036467
"438",0.72018,0.146095,21.229923
"439",0.626662,0.166361,12.810048
"440",0.65269,0.143982,20.265622
"441",0.659345,0.156897,3.87014
"442",0.598539,0.15497,16.934804
"443",0.643124,0.157338,17.846025
"444",0.737921,0.14851,16.687822
"445",0.821407,0.153631,16.882229
"446",0.732808,0.149792,7.280442
"447",0.587527,0.150293,17.664139
"448",0.657426,0.159845,18.959501
"449",0.622532,0.149989,16.636238
"450",0.790933,0.17122,6.19072
"451",0.63172,0.135482,23.197633
"452",0.881402,0.146623,10.828041
"453",0.762746,0.15333,0.632474
"454",0.6145,0.143981,20.985835
"455",0.659521,0.149471,3.933698
"456",0.624165,0.155591,14.001817
"457",0.741347,0.147314,12.294741
"458",0.676101,0.149612,17.815699
"459",0.670868,0.140288,12.159923
"460",0.664235,0.150152,6.740755
"461",0.880012,0.155282,3.265602
"462",0.634591,0.162695,4.0808
"463",0.690688,0.148905,24.7462
"464",0.625749,0.136478,12.509521
"465",0.567791,0.159351,22.470559
"466",0.673877,0.132516,-0.819247
"467",0.642873,0.135152,18.56659
"468",0.616829,0.158622,14.901968
"469",0.550747,0.14175,23.818485
"470",0.744176,0.154053,13.697732
"471",0.626308,0.14145,22.843409
"472",0.696095,0.144284,19.671088
"473",0.903832,0.137355,19.024847
"474",0.658643,0.188002,-7.066391
"475",0.657078,0.158105,13.180762
"476",0.620446,0.151358,18.388378
"477",0.621328,0.148597,16.994629
"478",0.821946,0.159215,13.991326
"479",0.830419,0.159143,14.589948
"480",0.653284,0.149927,16.778477
"481",0.670407,0.158776,15.255143
"482",0.942982,0.161434,14.088968
"483",0.604705,0.160708,16.258427
"484",0.858696,0.154429,16.340766
"485",0.632586,0.159546,21.714908
"486",0.909171,0.15227,13.721506
"487",0.576023,0.161991,8.606401
"488",0.84546,0.134229,21.67209
"489",0.935997,0.153062,13.354512
"490",0.706848,0.150655,6.45661
"491",0.684086,0.157581,18.301882
"492",0.631935,0.147075,17.507797
"493",0.857123,0.156563,8.125951
"494",0.551908,0.147629,10.812314
"495",0.689915,0.154306,19.774712
"496",0.771823,0.149081,20.420473
"497",0.61923,0.133795,18.119212
"498",0.75101,0.155714,17.070279
"499",0.677446,0.164593,4.150712
"500",0.702942,0.155164,12.322827
"501",0.686397,0.147731,17.401756
"502",0.830838,0.143083,6.178279
"503",0.621637,0.156401,23.145382
"504",0.842998,0.137428,13.951621
"505",0.64764,0.160216,8.681696
"506",0.656042,0.163751,11.251282
"507",0.646112,0.14949,20.052738
"508",0.67611,0.155974,9.167386
"509",0.655119,0.17604,8.964196
"510",0.607113,0.167436,18.290274
"511",0.642777,0.149702,21.108786
"512",0.657751,0.150186,19.715901
"513",0.646927,0.175714,4.437757
"514",0.60542,0.140925,23.351848
"515",0.61193,0.182397,31.170814
"516",0.71933,0.165117,4.114469
"517",0.743095,0.158941,13.378138
"518",0.65386,0.146121,20.286711
"519",0.648436,0.147862,16.157727
"520",0.654188,0.145507,19.434177
"521",0.682341,0.14318,20.84543
"522",0.902355,0.139529,8.976938
"523",0.703122,0.162788,20.722356
"524",0.659371,0.162047,11.213135
"525",0.677232,0.156557,16.078034
"526",0.689372,0.16381,12.18751
"527",0.683899,0.157357,5.431355
"528",0.628539,0.147893,22.861759
"529",0.642859,0.153527,15.573745
"530",0.779184,0.155238,15.133638
"531",0.963439,0.138207,13.598053
"532",0.641248,0.156492,8.437901
"533",0.67314,0.127513,23.234475
"534",0.601211,0.158753,17.10127
"535",0.70306,0.152728,0.45613
"536",0.711263,0.170806,7.955804
"537",0.668525,0.150919,9.374065
"538",0.883493,0.150228,2.661962
"539",0.90455,0.153344,6.66479
"540",0.872064,0.155889,6.675005
"541",0.629052,0.152887,6.174383
"542",0.480924,0.130213,28.405275
"543",0.724726,0.150069,17.183009
"544",0.751422,0.153557,21.472477
"545",0.702752,0.152755,15.435725
"546",0.726885,0.152635,7.448029
"547",0.829977,0.156864,9.959242
"548",0.982875,0.152048,14.924032
"549",0.878581,0.151316,5.923648
"550",0.650199,0.151006,16.895319
"551",0.634768,0.15933,13.940922
"552",0.96017,0.161198,1.657856
"553",0.802193,0.152185,11.112085
"554",0.60133,0.137631,24.548608
"555",0.753312,0.138573,27.479285
"556",0.951603,0.129078,16.106371
"557",0.852787,0.158133,17.656261
"558",0.696712,0.143965,20.168748
"559",0.676977,0.154551,18.641327
"560",0.744507,0.131135,11.056006
"561",0.69625,0.162346,16.403413
"562",0.626459,0.140644,11.709678
"563",0.60457,0.151845,29.706708
"564",0.690368,0.160115,14.20613
"565",0.696392,0.140685,14.483044
"566",0.516221,0.147638,22.301662
"567",0.682339,0.152491,12.914636
"568",0.674719,0.153896,18.009683
"569",0.653202,0.146158,12.427628
"570",0.656075,0.164438,7.12763
"571",0.680712,0.145673,10.015854
"572",0.663728,0.148329,15.743035
"573",0.697652,0.155733,13.684911
"574",0.767906,0.148121,22.037109
"575",0.628302,0.179149,17.2175
"576",0.637887,0.16152,14.073141
"577",0.633482,0.15184,11.383456
"578",0.811941,0.176898,22.692491
"579",0.611262,0.152477,25.535976
"580",0.582075,0.142697,21.81678
"581",0.755371,0.149747,18.737754
"582",0.716597,0.141683,-1.042294
"583",0.944393,0.142097,1.39157
"584",0.924415,0.138201,19.775677
"585",0.765185,0.150872,18.184352
"586",0.666425,0.148762,13.548192
"587",0.65999,0.175782,3.34697
"588",0.67928,0.200644,9.869142
"589",0.637431,0.155494,18.745028
"590",0.978928,0.146302,7.044996
"591",0.770371,0.147201,18.574638
"592",0.713027,0.149852,18.859138
"593",0.700187,0.155027,4.785767
"594",0.947028,0.138131,20.999038
"595",0.812698,0.148119,13.304505
"596",0.838489,0.149961,11.348948
"597",0.500349,0.149584,20.096251
"598",0.590343,0.152683,25.642962
"599",0.499579,0.164838,9.609663
"600",0.731857,0.164536,17.470093
"601",0.638464,0.156489,19.108018
"602",0.698791,0.153277,7.175324
"603",0.620691,0.159339,16.880356
"604",0.705436,0.156916,4.345184
"605",0.584462,0.161851,3.386039
"606",0.629863,0.174702,2.950359
"607",0.624091,0.140637,23.087518
"608",0.85511,0.143768,18.004445
"609",0.670543,0.167985,11.536076
"610",0.675502,0.1499,19.337439
"611",0.543862,0.154261,21.411269
"612",0.784302,0.142983,-5.03334
"613",0.912318,0.149152,12.339735
"614",0.686736,0.135955,21.689415
"615",0.887104,0.151415,4.690918
"616",0.942485,0.149471,18.342792
"617",0.579305,0.17963,-7.807629
"618",0.806207,0.15515,11.965967
"619",0.741921,0.134385,22.73789
"620",0.727462,0.145008,15.73972
"621",0.59603,0.16194,16.111069
"622",0.616494,0.150385,14.668084
"623",0.706564,0.135625,24.542071
"624",0.863421,0.148975,17.891593
"625",0.945557,0.150415,7.547133
"626",0.643849,0.159271,11.077751
"627",0.662023,0.152869,16.503113
"628",0.900974,0.15826,3.747769
"629",0.812302,0.135369,19.515423
"630",0.720854,0.145308,-7.981388
"631",0.910645,0.146908,17.501101
"632",0.638798,0.146029,11.301759
"633",0.803808,0.142707,19.066233
"634",0.6855,0.14971,17.758261
"635",0.981494,0.150936,14.495917
"636",0.689506,0.158405,9.39477
"637",0.886883,0.142965,20.250327
"638",0.790104,0.148578,1.470954
"639",0.687206,0.152383,-0.233043
"640",0.76895,0.143021,19.117545
"641",0.975719,0.141878,5.123914
"642",0.77868,0.156426,8.694831
"643",0.938351,0.14615,16.299281
"644",0.980535,0.151297,2.340364
"645",0.981429,0.143981,10.748872
"646",0.982092,0.14665,4.880429
"647",0.947043,0.159943,6.903682
"648",0.919208,0.142065,20.111368
"649",0.870236,0.135611,18.00147
"650",0.677629,0.172839,13.339794
"651",0.555658,0.134616,23.292835
"652",0.800678,0.152059,15.877345
"653",0.914305,0.150453,16.879932
"654",0.782952,0.154265,16.933659
"655",0.681491,0.15301,2.755186
"656",0.893925,0.145618,12.398763
"657",0.91903,0.151303,6.193861
"658",0.705773,0.144991,1.389896
"659",0.59711,0.156623,18.0619
"660",0.768867,0.15168,14.612978
"661",0.707669,0.148409,3.299791
"662",0.6556,0.131011,24.759523
"663",0.62175,0.157921,1.615411
"664",0.701183,0.15112,4.157936
"665",0.847981,0.152321,4.776762
"666",0.911671,0.149235,13.458104
"667",0.618136,0.169869,10.17141
"668",0.693279,0.159629,16.452584
"669",0.697561,0.147827,18.346758
"670",0.616266,0.145205,21.907797
"671",0.573709,0.160369,17.55101
"672",0.691183,0.141286,22.319283
"673",0.867632,0.141218,20.460711
"674",0.904839,0.150373,10.327519
"675",0.793135,0.135071,-4.25942
"676",0.68536,0.153054,3.585157
"677",0.588356,0.153772,18.725616
"678",0.693158,0.140232,19.399109
"679",0.621947,0.159768,15.806138
"680",0.649434,0.149199,21.147976
"681",0.610645,0.1441,8.5879
"682",0.611494,0.140813,20.179933
"683",0.903289,0.157862,12.818008
"684",0.732333,0.146653,22.241601
"685",0.598756,0.155649,3.127788
"686",0.883546,0.146933,9.151325
"687",0.837496,0.136868,21.760105
"688",0.939358,0.148409,5.313643
"689",0.525193,0.139468,20.470422
"690",0.629756,0.180266,-9.811726
"691",0.60587,0.146931,2.649347
"692",0.610256,0.158771,22.234851
"693",0.744287,0.145098,11.868581
"694",0.965468,0.150067,11.893398
"695",0.733929,0.150334,0.022735
"696",0.598993,0.125967,21.114803
"697",0.682345,0.151523,3.792154
"698",0.88322,0.151464,17.444345
"699",0.623384,0.150861,17.403538
"700",0.708855,0.149557,14.711037
"701",0.657882,0.167595,-1.154715
"702",0.633524,0.158619,15.25752
"703",0.629748,0.151181,28.844677
"704",0.898734,0.147835,15.004716
"705",0.666659,0.149996,7.878063
"706",0.714925,0.158021,3.888216
"707",0.617058,0.150787,9.119934
"708",0.704012,0.157548,2.480666
"709",0.845323,0.146551,19.111635
"710",0.605489,0.140489,21.015538
"711",0.936734,0.145457,19.014666
"712",0.924613,0.145823,3.545853
"713",0.580273,0.150048,20.981662
"714",0.870953,0.159074,2.729191
"715",0.632177,0.163018,8.675841
"716",0.668121,0.144317,21.755127
"717",0.706754,0.147047,14.362458
"718",0.915051,0.151855,15.090863
"719",0.944922,0.135558,22.147533
"720",0.639336,0.135324,22.519382
"721",0.970383,0.144192,16.659204
"722",0.986926,0.146522,4.480044
"723",0.940737,0.136392,20.746641
"724",0.872174,0.139916,21.951534
"725",0.913415,0.143118,16.856008
"726",0.717195,0.145749,6.471075
"727",0.779698,0.141233,17.549022
"728",0.988576,0.14826,12.235971
"729",0.856688,0.150341,11.29943
"730",0.626473,0.146286,22.139237
"731",0.643022,0.158791,10.179666
"732",0.842477,0.129389,24.237558
"733",0.845806,0.157331,15.330989
"734",0.894851,0.146853,6.529835
"735",0.934319,0.140338,18.027726
"736",0.906721,0.154292,16.269235
"737",0.904433,0.14319,16.733652
"738",0.929867,0.1458,12.619735
"739",0.924745,0.151969,14.300935
"740",0.835024,0.155619,17.52786
"741",0.82165,0.143505,14.861422
"742",0.660976,0.148822,18.262746
"743",0.540158,0.169184,26.71525
"744",0.69853,0.155361,10.925438
"745",0.620975,0.135272,22.695684
"746",0.666211,0.146648,9.926191
"747",0.663331,0.150341,18.00205
"748",0.909341,0.143788,18.645575
"749",0.764846,0.152493,19.746778
"750",0.594466,0.140015,23.42813
"751",0.952772,0.131513,19.21918
"752",0.809743,0.154548,18.283786
"753",0.752227,0.136693,18.266192
"754",0.976373,0.139147,-3.052009
"755",0.969425,0.144988,15.613607
"756",0.897751,0.141115,20.452272
"757",0.864266,0.144939,15.800678
"758",0.941695,0.155833,4.488893
"759",0.659143,0.156103,17.467946
"760",0.839787,0.144626,7.473886
"761",0.690219,0.151987,13.235176
"762",0.728766,0.154079,11.05872
"763",0.839986,0.161386,10.739593
"764",0.624792,0.152977,20.758205
"765",0.803773,0.150619,6.825565
"766",0.916213,0.154389,7.646265
"767",0.819441,0.150475,17.770312
"768",0.970139,0.137727,18.845923
"769",0.624788,0.141365,18.502293
"770",0.98214,0.153472,3.331788
"771",0.800319,0.142326,20.256493
"772",0.751399,0.140869,16.062206
"773",0.93486,0.144873,12.45725
"774",0.951307,0.140834,14.406612
"775",0.858037,0.139117,19.941719
"776",0.921772,0.136385,19.709681
"777",0.890367,0.14022,19.857486
"778",0.576725,0.156334,23.066108
"779",0.917738,0.143927,8.756646
"780",0.822319,0.133972,21.295926
"781",0.748201,0.146199,17.972876
"782",0.882041,0.151171,17.867475
"783",0.700068,0.166627,8.591917
"784",0.950527,0.143478,11.899589
"785",0.723829,0.147514,2.77206
"786",0.923315,0.152585,3.551557
"787",0.710816,0.154088,14.546476
"788",0.972332,0.147459,9.671216
"789",0.65276,0.16707,1.871568
"790",0.993465,0.154755,2.08238
"791",0.658798,0.150173,19.445138
"792",0.674063,0.154341,18.480734
"793",0.819988,0.158413,5.205178
"794",0.709487,0.144103,19.101677
"795",0.992694,0.146353,5.321929
"796",0.653134,0.137229,20.753678
"797",0.681068,0.15709,17.567124
"798",0.903982,0.143651,13.93785
"799",0.907737,0.148748,18.613276
"800",0.71042,0.136795,21.477289
"801",0.971053,0.150357,14.113189
"802",0.851822,0.151997,10.803849
"803",0.959768,0.149858,6.238342
"804",0.990474,0.152297,5.612247
"805",0.877539,0.146226,19.90731
"806",0.943035,0.147979,13.571917
"807",0.922363,0.146632,17.443939
"808",0.989657,0.143249,16.273479
"809",0.881509,0.136626,18.738175
"810",0.909529,0.144876,16.937324
"811",0.640968,0.160483,8.149549
"812",0.954202,0.138163,18.691147
"813",0.668611,0.146496,15.76111
"814",0.776288,0.151269,18.559253
"815",0.698677,0.144423,18.541745
"816",0.868197,0.144654,14.763735
"817",0.590345,0.16313,12.527391
"818",0.885888,0.150334,14.834873
"819",0.795777,0.148437,12.812296
"820",0.828874,0.157101,3.352026
"821",0.551159,0.229634,11.041891
"822",0.643037,0.167572,16.282683
"823",0.718861,0.154999,9.263616
"824",0.628264,0.174591,-2.514982
"825",0.9853,0.137597,15.068003
"826",0.656334,0.14939,16.056035
"827",0.766292,0.141353,15.516128
"828",0.573331,0.179925,4.739077
"829",0.599418,0.158374,6.937223
"830",0.801046,0.135119,17.512825
"831",0.643897,0.156047,29.323971
"832",0.630028,0.138573,26.581615
"833",0.757662,0.152445,12.558656
"834",0.666986,0.143174,20.122858
"835",0.755482,0.148812,6.383596
"836",0.68836,0.159676,20.291688
"837",0.825217,0.143856,9.580429
"838",0.678924,0.140752,6.955651
"839",0.605674,0.161698,10.03503
"840",0.731953,0.140228,11.816219
"841",0.764866,0.153933,9.589277
"842",0.780455,0.137297,20.397393
"843",0.719673,0.157629,8.869025
"844",0.66348,0.157576,14.049899
"845",0.647071,0.155687,10.336129
"846",0.659992,0.158058,10.568591
"847",0.864159,0.155286,11.212825
"848",0.642125,0.174361,-2.972716
"849",0.780895,0.1412,20.653801
"850",0.676484,0.148986,10.009485
"851",0.955243,0.150372,9.54283
"852",0.820185,0.142024,21.857958
"853",0.643494,0.145759,19.384853
"854",0.640646,0.138159,21.689319
"855",0.959688,0.151763,0.800953
"856",0.666944,0.153927,9.194451
"857",0.778085,0.159478,12.442375
"858",0.59864,0.158846,19.49189
"859",0.942958,0.160833,2.845736
"860",0.908678,0.142399,15.727927
"861",0.592139,0.141778,25.248085
"862",0.890967,0.138992,18.441201
"863",0.982971,0.149817,1.594515
"864",0.57075,0.138711,19.530415
"865",0.687934,0.159827,14.166166
"866",0.672936,0.161401,5.906073
"867",0.654927,0.140655,19.632968
"868",0.641237,0.149408,12.30803
"869",0.625138,0.163849,11.232624
"870",0.651727,0.145656,14.663389
"871",0.642426,0.153993,16.132617
"872",0.591241,0.163919,20.121314
"873",0.661154,0.158583,20.00336
"874",0.662184,0.141393,23.042678
"875",0.645606,0.165005,19.092066
"876",0.638438,0.153146,14.617986
"877",0.615551,0.146603,13.637993
"878",0.857455,0.168234,6.682519
"879",0.864137,0.150321,21.304371
"880",0.558096,0.161136,26.992273
"881",0.987283,0.144183,2.285559
"882",0.971065,0.149123,6.861062
"883",0.65429,0.150075,17.915341
"884",0.647714,0.161848,-0.459192
"885",0.868288,0.134963,18.39765
"886",0.711366,0.160371,14.681652
"887",0.899803,0.149713,6.418945
"888",0.807717,0.136034,21.107579
"889",0.696056,0.140085,20.155275
"890",0.625822,0.141244,24.806612
"891",0.579076,0.146994,21.51877
"892",0.651454,0.159115,6.925429
"893",0.64,0.177357,10.3517
"894",0.613256,0.146005,18.598406
"895",0.74141,0.148977,16.571333
"896",0.677944,0.136532,23.466708
"897",0.535401,0.150905,16.407435
"898",0.674435,0.155408,5.8547
"899",0.654735,0.15578,16.106415
"900",0.804684,0.146798,22.90441
"901",0.762641,0.182478,38.74755
"902",0.741185,0.162257,15.413456
"903",0.884813,0.140644,16.380479
"904",0.928044,0.152554,0.069477
"905",0.618952,0.134429,22.779739
"906",0.592688,0.158319,18.348699
"907",0.696413,0.158098,8.405329
"908",0.663715,0.149085,1.540896
"909",0.638885,0.155404,11.252014
"910",0.606853,0.150036,17.668328
"911",0.780917,0.156426,15.444882
"912",0.927051,0.137264,20.366309
"913",0.683865,0.157595,7.523168
"914",0.711661,0.142459,21.297314
"915",0.682943,0.156632,18.846344
"916",0.778825,0.139154,21.41719
"917",0.663254,0.13658,0.261735
"918",0.919465,0.151695,17.927858
"919",0.872018,0.146809,16.77317
"920",0.776762,0.16056,8.291461
"921",0.988874,0.143491,16.755502
"922",0.987683,0.1494,4.310599
"923",0.981161,0.153596,16.099874
"924",0.823877,0.156641,12.279326
"925",0.656194,0.160777,8.77008
"926",0.765875,0.14318,14.28669
"927",0.66808,0.156048,16.268823
"928",0.619813,0.155837,17.489622
"929",0.625615,0.138853,20.590792
"930",0.582269,0.146521,22.538421
"931",0.767161,0.148834,17.065745
"932",0.671912,0.165486,21.110407
"933",0.677029,0.163869,2.782054
"934",0.640926,0.156119,7.227693
"935",0.586471,0.144795,14.068808
"936",0.623594,0.163755,15.917695
"937",0.664958,0.156447,10.342846
"938",0.597432,0.160618,14.22742
"939",0.648209,0.172623,18.593075
"940",0.689588,0.151734,19.677811
"941",0.78363,0.155729,10.894632
"942",0.620531,0.154188,17.167028
"943",0.660159,0.138226,24.582477
"944",0.898659,0.136333,21.762884
"945",0.643595,0.160031,6.413773
"946",0.65217,0.151496,18.900137
"947",0.623432,0.161115,24.64726
"948",0.60498,0.148563,19.477451
"949",0.7904,0.154866,13.914446
"950",0.64921,0.159774,17.832305
"951",0.861558,0.161193,15.800291
"952",0.811796,0.135615,20.581422
"953",0.864953,0.150026,7.585694
"954",0.726825,0.153139,9.979734
"955",0.782698,0.150484,-2.025881
"956",0.928807,0.150804,8.397355
"957",0.522992,0.153767,23.269372
"958",0.930201,0.141573,19.568028
"959",0.694181,0.163356,15.735713
"960",0.641998,0.145281,17.037082
"961",0.970271,0.1405,5.582487
"962",0.795478,0.137529,13.204537
"963",0.778175,0.150008,10.967488
"964",0.787948,0.147869,16.520551
"965",0.891031,0.152051,9.598524
"966",0.696524,0.138454,6.375228
"967",0.976112,0.143957,19.57079
"968",0.617824,0.137034,26.799526
"969",0.734846,0.147305,12.405163
"970",0.694626,0.167808,8.565865
"971",0.562174,0.173892,23.038133
"972",0.973209,0.147208,-0.138682
"973",0.840611,0.142251,3.134041
"974",0.73814,0.153392,14.061785
"975",0.66926,0.149049,12.823985
"976",0.738448,0.160574,23.071346
"977",0.818234,0.156166,16.741859
"978",0.880613,0.137168,15.348421
"979",0.797149,0.131354,16.391113
"980",0.886266,0.140429,18.810336
"981",0.591035,0.153691,9.407868
"982",0.732703,0.16261,7.093842
"983",0.820535,0.152403,1.596085
"984",0.856475,0.139585,20.267986
"985",0.628617,0.158573,11.712122
"986",0.717767,0.142326,4.379185
"987",0.595781,0.132762,30.946778
"988",0.840381,0.152097,15.265111
"989",0.969942,0.145527,-0.399564
"990",0.953649,0.144382,16.718521
"991",0.819674,0.135767,18.221748
"992",0.710127,0.133787,22.610294
"993",0.673765,0.155191,6.883618
"994",0.675585,0.152369,18.033821
"995",0.836457,0.147734,14.302109
"996",0.735895,0.146022,18.317018
"997",0.816242,0.154611,12.463812
"998",0.674998,0.154564,18.936431
"999",0.738407,0.132876,23.22974
"1000",0.892525,0.138981,20.955722
"1001",0.788779,0.158102,11.648347
"1002",0.732879,0.148861,9.841396
"1003",0.972525,0.161545,11.237901
"1004",0.657056,0.160455,8.545652
"1005",0.642702,0.156968,8.663403
"1006",0.675117,0.153173,8.975177
"1007",0.734401,0.165771,14.960907
"1008",0.598333,0.148336,20.284295
"1009",0.749844,0.148498,6.742651
"1010",0.942888,0.158873,11.087131
"1011",0.953265,0.156305,10.5078
"1012",0.710625,0.15337,9.090259
"1013",0.891938,0.152531,17.847102
"1014",0.935715,0.14547,9.741421
"1015",0.774697,0.137805,23.003109
"1016",0.991272,0.144848,15.547329
"1017",0.732559,0.13648,16.537866
"1018",0.920025,0.139008,19.301582
"1019",0.943469,0.14542,16.604543
"1020",0.626821,0.1495,19.252445
"1021",0.550794,0.157534,20.804997
"1022",0.791592,0.163304,16.313493
"1023",0.707394,0.147428,4.419339
"1024",0.710512,0.156196,8.813565
"1025",0.884387,0.136029,19.447308
"1026",0.943589,0.132387,20.685049
"1027",0.731855,0.166057,-1.450804
"1028",0.767972,0.163302,21.166901
"1029",0.585023,0.159485,18.158529
"1030",0.591219,0.17545,9.247051
"1031",0.875197,0.171975,10.428115
"1032",0.610633,0.229403,3.054226
"1033",0.67369,0.158376,15.962945
"1034",0.652223,0.156136,14.858575
"1035",0.806669,0.1527,12.290011
"1036",0.648109,0.165578,12.486516
"1037",0.661497,0.160221,5.60641
"1038",0.815745,0.128452,20.234487
"1039",0.858892,0.150672,3.415392
"1040",0.933459,0.151659,12.322106
"1041",0.703728,0.150759,11.239991
"1042",0.811656,0.149593,10.098989
"1043",0.610618,0.142282,22.762401
"1044",0.587326,0.152909,20.64271
"1045",0.666914,0.171062,0.247907
"1046",0.711933,0.168365,4.756684
"1047",0.722074,0.16219,15.08949
"1048",0.548887,0.158077,21.771383
"1049",0.670272,0.153667,10.66177
"1050",0.653423,0.17359,-5.965195
"1051",0.579156,0.162924,15.046373
"1052",0.639744,0.158277,12.242732
"1053",0.873074,0.151015,17.224261
"1054",0.549864,0.147694,18.045019
"1055",0.688299,0.159934,17.098542
"1056",0.771903,0.16408,9.187549
"1057",0.66773,0.154205,12.066696
"1058",0.661407,0.15352,7.324625
"1059",0.877076,0.130705,22.490604
"1060",0.528201,0.15722,21.332429
"1061",0.88759,0.124238,34.152639
"1062",0.635933,0.153435,2.983915
"1063",0.599655,0.156362,14.749441
"1064",0.69528,0.1528,11.461781
"1065",0.668782,0.164961,3.982057
"1066",0.670832,0.150502,18.670233
"1067",0.663798,0.160355,18.374995
"1068",0.699475,0.149983,10.685796
"1069",0.753805,0.141646,16.684934
"1070",0.755119,0.161985,12.859886
"1071",0.671304,0.16497,-0.302911
"1072",0.93618,0.153782,14.32397
"1073",0.861948,0.148765,18.016843
"1074",0.932081,0.154225,13.350134
"1075",0.879914,0.158956,11.804282
"1076",0.937801,0.153655,2.23991
"1077",0.944484,0.149888,15.579939
"1078",0.946369,0.158226,4.982873
"1079",0.966407,0.154615,13.627232
"1080",0.924359,0.15477,15.081032
"1081",0.8975,0.153265,7.648287
"1082",0.993633,0.146173,3.748287
"1083",0.911417,0.143825,19.674367
"1084",0.971834,0.155507,8.474277
"1085",0.871085,0.146533,13.533066
"1086",0.849525,0.156491,17.866686
"1087",0.836694,0.142775,19.592989
"1088",0.909533,0.137529,18.028921
"1089",0.679199,0.156942,13.880882
"1090",0.949352,0.14954,15.242287
"1091",0.936761,0.153511,-0.809537
"1092",0.963827,0.162171,13.710071
"1093",0.698368,0.139145,21.174304
"1094",0.896619,0.1603,1.018109
"1095",0.773314,0.145547,18.504913
"1096",0.943496,0.154389,15.8793
"1097",0.765914,0.15711,13.326289
"1098",0.883499,0.147004,12.106877
"1099",0.856432,0.139797,19.183784
"1100",0.905022,0.153051,17.635147
"1101",0.889228,0.151504,16.554802
"1102",0.991956,0.157926,1.535467
"1103",0.958307,0.142549,17.235701
"1104",0.979082,0.139935,17.185951
"1105",0.919576,0.152274,16.1079
"1106",0.923453,0.152945,3.598225
"1107",0.876612,0.149084,15.276095
"1108",0.957216,0.160147,5.624588
"1109",0.876933,0.147526,19.512949
"1110",0.906815,0.14667,7.044384
"1111",0.74313,0.138972,21.424093
"1112",0.890058,0.159379,9.34385
"1113",0.857598,0.147021,19.506786
"1114",0.887807,0.155829,15.071053
"1115",0.768966,0.137583,19.627568
"1116",0.924549,0.155833,12.010013
"1117",0.780721,0.153674,18.943908
"1118",0.989911,0.160975,5.31777
"1119",0.965432,0.165664,11.356076
"1120",0.871624,0.155233,12.309695
"1121",0.768096,0.147532,13.009954
"1122",0.579999,0.16025,18.085177
"1123",0.723598,0.162321,5.928709
"1124",0.927044,0.146496,16.95929
"1125",0.694368,0.149994,11.586513
"1126",0.803659,0.173948,17.838004
"1127",0.733619,0.143157,20.857427
"1128",0.783155,0.16877,11.515638
"1129",0.738865,0.176974,13.099145
"1130",0.726567,0.150099,8.636645
"1131",0.619079,0.154273,38.338444
"1132",0.706446,0.162199,-8.061067
"1133",0.840427,0.147569,21.580981
"1134",0.651929,0.16274,11.352096
"1135",0.718233,0.154535,10.775041
"1136",0.683887,0.143027,-8.775933
"1137",0.818781,0.152071,25.29096
"1138",0.811595,0.139333,14.873025
"1139",0.595153,0.168385,1.615658
"1140",0.659577,0.158682,21.021211
"1141",0.827948,0.152081,18.894282
"1142",0.825447,0.157875,11.175894
"1143",0.666583,0.156747,17.252423
"1144",0.665028,0.159321,10.59163
"1145",0.725334,0.156988,7.875122
"1146",0.654598,0.150573,16.069216
"1147",0.788765,0.145513,7.393419
"1148",0.675662,0.156805,8.840397
"1149",0.981172,0.157923,5.548137
"1150",0.694892,0.155953,17.892588
"1151",0.880203,0.149383,12.864923
"1152",0.87494,0.152442,-3.186772
"1153",0.98223,0.149511,13.12501
"1154",0.968837,0.140432,15.366413
"1155",0.887256,0.138184,20.660113
"1156",0.968312,0.150045,3.566392
"1157",0.820049,0.1645,10.40607
"1158",0.806442,0.161497,10.082912
"1159",0.762316,0.157665,12.290114
"1160",0.668359,0.171537,-6.947322
"1161",0.694567,0.145408,19.364374
"1162",0.620312,0.160493,17.268038
"1163",0.958804,0.143857,9.800944
"1164",0.984778,0.150428,2.491746
"1165",0.975935,0.150903,2.13548
"1166",0.817643,0.141072,18.361728
"1167",0.942186,0.140874,19.797467
"1168",0.906246,0.141279,-0.892283
"1169",0.935656,0.151009,14.640642
"1170",0.879439,0.144932,-2.914208
"1171",0.661209,0.161378,8.913844
"1172",0.703759,0.154991,21.684082
"1173",0.930991,0.148106,11.654858
"1174",0.969966,0.154059,7.982983
"1175",0.537921,0.143362,19.4917
"1176",0.69266,0.155677,14.614256
"1177",0.824723,0.15618,0.393271
"1178",0.724729,0.149822,27.134366
"1179",0.97692,0.146121,16.145256
"1180",0.981511,0.151663,4.92295
"1181",0.94902,0.148491,8.398877
"1182",0.922013,0.145223,13.251721
"1183",0.925945,0.151548,0.031967
"1184",0.915254,0.147679,13.781606
"1185",0.629358,0.153501,19.715944
"1186",0.629594,0.151192,19.362354
"1187",0.575804,0.139794,19.214139
"1188",0.795976,0.149117,14.936539
"1189",0.648761,0.154543,17.959785
"1190",0.498898,0.156759,18.630144
"1191",0.74079,0.159279,13.244757
"1192",0.634597,0.156866,17.544833
"1193",0.866269,0.148109,5.531422
"1194",0.889148,0.144938,15.299841
"1195",0.920856,0.16209,3.036185
"1196",0.844466,0.156816,16.113577
"1197",0.926756,0.15802,15.273182
"1198",0.595094,0.148077,21.037085
"1199",0.649576,0.143757,20.518655
"1200",0.664967,0.150211,21.514575
"1201",0.613208,0.141119,20.429264
"1202",0.964488,0.151288,7.411004
"1203",0.565546,0.165133,14.230642
"1204",0.824404,0.148336,13.877869
"1205",0.896158,0.152351,15.839977
"1206",0.884452,0.135845,18.964821
"1207",0.75372,0.136812,22.023009
"1208",0.870627,0.149793,19.170401
"1209",0.74757,0.160862,8.479029
"1210",0.895446,0.147092,16.950094
"1211",0.795723,0.163827,12.878397
"1212",0.929193,0.160989,7.116478
"1213",0.993879,0.149338,3.789827
"1214",0.962962,0.152792,12.674811
"1215",0.8798,0.15633,19.016912
"1216",0.965921,0.147933,10.284381
"1217",0.892388,0.157036,6.49997
"1218",0.760296,0.160124,11.15196
"1219",0.985945,0.150881,3.38867
"1220",0.66427,0.161577,8.998615
"1221",0.821661,0.140032,20.393746
"1222",0.978929,0.154002,15.073976
"1223",0.936453,0.139556,16.570732
"1224",0.806081,0.145733,19.771212
"1225",0.930947,0.141786,18.649067
"1226",0.844183,0.141443,20.360282
"1227",0.704537,0.145694,19.617013
"1228",0.903789,0.147905,13.183987
"1229",0.854546,0.148069,15.689713
"1230",0.938757,0.154045,10.361266
"1231",0.744268,0.157935,10.634217
"1232",0.745788,0.154003,19.464913
"1233",0.864478,0.157106,10.629973
"1234",0.937524,0.156539,16.74947
"1235",0.960542,0.150097,6.224653
"1236",0.796688,0.161947,10.893069
"1237",0.62965,0.146102,18.227027
"1238",0.57223,0.152127,17.757122
"1239",0.97882,0.154306,13.140384
"1240",0.943885,0.151261,13.584964
"1241",0.880329,0.153617,15.952292
"1242",0.892331,0.144566,18.332442
"1243",0.8489,0.151,18.09691
"1244",0.96514,0.156199,13.725599
"1245",0.714695,0.153701,16.481231
"1246",0.930754,0.14354,19.378574
"1247",0.959774,0.153861,2.494719
"1248",0.903686,0.162332,14.550871
"1249",0.815729,0.154238,11.49871
"1250",0.86595,0.16265,10.259272
"1251",0.580546,0.154199,16.018942
"1252",0.64665,0.162245,7.11411
"1253",0.808195,0.152125,17.514378
"1254",0.868078,0.149357,16.306758
"1255",0.980829,0.156735,13.762244
"1256",0.863511,0.150755,8.747104
"1257",0.796881,0.141882,9.245575
"1258",0.968498,0.145345,0.271486
"1259",0.773662,0.159306,18.726145
"1260",0.711236,0.155247,19.525684
"1261",0.865549,0.153122,16.685243
"1262",0.698969,0.160339,8.495696
"1263",0.841845,0.149981,17.089993
"1264",0.791458,0.146837,20.792238
"1265",0.798594,0.1552,18.25324
"1266",0.665113,0.146896,19.21799
"1267",0.844498,0.16177,12.326864
"1268",0.878009,0.152704,17.723297
"1269",0.838725,0.146756,17.520815
"1270",0.773161,0.145399,19.968233
"1271",0.927897,0.153678,17.178182
"1272",0.555676,0.150845,18.675641
"1273",0.619594,0.144266,19.522348
"1274",0.913359,0.152633,0.359359
"1275",0.755075,0.162191,13.927958
"1276",0.896672,0.162966,11.785037
"1277",0.958968,0.164718,9.529369
"1278",0.693141,0.138232,21.458163
"1279",0.905129,0.148969,10.268882
"1280",0.974266,0.149688,9.890652
"1281",0.685609,0.150833,20.008286
"1282",0.791706,0.150939,15.646549
"1283",0.856143,0.155898,17.185079
"1284",0.856332,0.154749,17.931575
"1285",0.973116,0.146645,16.235692
"1286",0.916364,0.156753,11.414873
"1287",0.975133,0.162041,8.836571
"1288",0.783533,0.155316,11.538875
"1289",0.852539,0.154438,11.778976
"1290",0.959433,0.149715,10.795355
"1291",0.906246,0.160062,3.224153
"1292",0.696199,0.167891,11.616555
"1293",0.862618,0.150555,16.743582
"1294",0.734643,0.156443,18.15461
"1295",0.917072,0.15369,16.933697
"1296",0.93579,0.156472,14.431077
"1297",0.671373,0.149619,14.939849
"1298",0.854116,0.159705,6.332379
"1299",0.693003,0.152412,8.031131
"1300",0.885344,0.155962,15.62586
"1301",0.835434,0.152911,7.866738
"1302",0.876024,0.145137,18.653436
"1303",0.986501,0.157778,4.796446
"1304",0.926784,0.157599,10.172882
"1305",0.86807,0.153908,9.589194
"1306",0.840484,0.165656,14.366982
"1307",0.828295,0.155772,6.971753
"1308",0.684285,0.156539,13.973744
"1309",0.639556,0.140196,18.692688
"1310",0.685613,0.148419,15.875793
"1311",0.800104,0.153904,-1.094354
"1312",0.651607,0.156877,17.04261
"1313",0.656286,0.156318,15.765141
"1314",0.802015,0.147491,18.627039
"1315",0.76559,0.144273,21.694049
"1316",0.720293,0.15223,15.902119
"1317",0.965132,0.155315,1.72767
"1318",0.82519,0.155671,17.106265
"1319",0.630898,0.165701,4.737912
"1320",0.755987,0.153715,2.987925
"1321",0.641396,0.145175,10.444006
"1322",0.817543,0.156267,14.924123
"1323",0.773518,0.153011,18.731405
"1324",0.812246,0.149534,15.259805
"1325",0.643605,0.159593,18.410878
"1326",0.722993,0.164434,7.133531
"1327",0.606803,0.151394,21.554106
"1328",0.967364,0.148804,15.860391
"1329",0.932002,0.16043,14.186707
"1330",0.823125,0.157176,16.353192
"1331",0.925539,0.15202,9.300079
"1332",0.663364,0.149326,18.809622
"1333",0.978224,0.152106,11.584882
"1334",0.853047,0.155889,15.795491
"1335",0.875123,0.153576,9.228913
"1336",0.632502,0.155063,7.68219
"1337",0.886953,0.151686,7.42684
"1338",0.959944,0.155523,9.008033
"1339",0.725213,0.14939,21.711782
"1340",0.720197,0.152725,16.530929
"1341",0.902502,0.15139,16.53518
"1342",0.861001,0.143354,20.378273
"1343",0.812198,0.142615,19.970441
"1344",0.880582,0.155643,15.870998
"1345",0.776001,0.158275,14.929597
"1346",0.84704,0.136409,23.353433
"1347",0.813526,0.151734,18.773465
"1348",0.787894,0.146918,7.757961
"1349",0.897302,0.157069,12.029322
"1350",0.9673,0.143657,15.667452
"1351",0.868827,0.145704,18.604719
"1352",0.933348,0.154979,5.521856
"1353",0.659742,0.152937,-0.500055
"1354",0.624817,0.151394,23.8793
"1355",0.938708,0.146584,18.055221
"1356",0.920324,0.143988,14.300097
"1357",0.665948,0.159188,9.482184
"1358",0.704496,0.145872,6.829482
"1359",0.783922,0.150188,15.029338
"1360",0.800534,0.14335,16.158789
"1361",0.692341,0.162583,5.852728
"1362",0.744147,0.148642,13.290709
"1363",0.782864,0.157064,2.136785
"1364",0.543711,0.15342,22.21663
"1365",0.632228,0.157921,19.94681
"1366",0.762672,0.162949,15.683721
"1367",0.549304,0.152971,22.309372
"1368",0.959073,0.162533,8.853877
"1369",0.6373,0.151685,20.257108
"1370",0.737866,0.13707,21.707372
"1371",0.754715,0.146171,4.612272
"1372",0.872326,0.148785,21.462239
"1373",0.958765,0.15907,10.186629
"1374",0.764798,0.155638,17.772171
"1375",0.919034,0.157951,12.491601
"1376",0.718079,0.151047,1.132306
"1377",0.675573,0.148979,11.156406
"1378",0.736703,0.148287,14.721598
"1379",0.97007,0.157495,13.620902
"1380",0.994026,0.154985,5.15792
"1381",0.983603,0.157143,7.246592
"1382",0.919348,0.151832,17.856468
"1383",0.917022,0.157832,15.778397
"1384",0.939055,0.159443,4.352359
"1385",0.988144,0.160342,8.945854
"1386",0.709017,0.149858,19.545933
"1387",0.820232,0.145121,20.374229
"1388",0.958121,0.151938,11.375641
"1389",0.937875,0.143137,18.786714
"1390",0.914359,0.142031,19.806921
"1391",0.997968,0.1536,5.755412
"1392",0.982941,0.152021,11.435878
"1393",0.904815,0.145031,15.126355
"1394",0.990748,0.148764,0.614483
"1395",0.710025,0.161316,16.853364
"1396",0.927048,0.144809,15.873584
"1397",0.975321,0.148616,16.803274
"1398",0.62491,0.152659,17.072401
"1399",0.896336,0.153743,9.660693
"1400",0.719041,0.162611,8.019195
"1401",0.706181,0.137178,22.744457
"1402",0.937179,0.140441,19.870613
"1403",0.791715,0.149597,9.227064
"1404",0.787914,0.150195,15.805031
"1405",0.938604,0.165589,6.600713
"1406",0.931218,0.150814,16.960588
"1407",0.581529,0.15022,17.918967
"1408",0.717527,0.156334,12.923985
"1409",0.860396,0.143467,21.526842
"1410",0.855562,0.14507,19.747259
"1411",0.676982,0.137091,21.022397
"1412",0.775924,0.141524,21.659765
"1413",0.652049,0.13752,22.727611
"1414",0.734165,0.150695,15.832445
"1415",0.678149,0.159724,16.090011
"1416",0.948466,0.146442,14.872283
"1417",0.700548,0.152236,16.399229
"1418",0.609298,0.159702,14.477766
"1419",0.686024,0.151906,11.634321
"1420",0.743024,0.167341,12.306403
"1421",0.697588,0.162861,16.755255
"1422",0.884556,0.162885,13.302988
"1423",0.610665,0.151492,22.176066
"1424",0.87401,0.148428,14.73557
"1425",0.835341,0.153696,16.332591
"1426",0.964118,0.161361,14.035929
"1427",0.832762,0.156326,15.527701
"1428",0.829426,0.153212,9.725035
"1429",0.798659,0.155662,18.526762
"1430",0.823366,0.154825,20.496409
"1431",0.829901,0.150134,14.520856
"1432",0.6301,0.147166,17.033361
"1433",0.678916,0.147367,19.763002
"1434",0.695876,0.146966,17.711519
"1435",0.790076,0.152032,17.672472
"1436",0.643215,0.152107,7.096204
"1437",0.797737,0.146097,15.656271
"1438",0.743306,0.156306,14.828671
"1439",0.815564,0.15233,16.272053
"1440",0.796486,0.142392,6.258227
"1441",0.722551,0.145844,18.871175
"1442",0.958436,0.153938,2.938242
"1443",0.610844,0.14537,19.531598
"1444",0.990135,0.150207,2.974306
"1445",0.978148,0.15097,1.613812
"1446",0.986754,0.150669,8.703296
"1447",0.971246,0.157475,6.318287
"1448",0.789681,0.147606,20.828225
"1449",0.983252,0.164786,4.453402
"1450",0.888709,0.145866,8.925496
"1451",0.740448,0.148832,20.432236
"1452",0.935601,0.155107,16.203964
"1453",0.830184,0.144894,20.14918
"1454",0.703572,0.145421,18.844966
"1455",0.886415,0.154943,11.782893
"1456",0.776969,0.14108,19.856637
"1457",0.849906,0.144524,20.188223
"1458",0.892528,0.143216,18.056881
"1459",0.915602,0.144574,18.555277
"1460",0.953197,0.144934,17.786638
"1461",0.974336,0.144284,15.078725
"1462",0.923553,0.157762,10.740629
"1463",0.809719,0.150965,18.960202
"1464",0.927828,0.150584,-2.30761
"1465",0.968994,0.16116,2.734952
"1466",0.702459,0.150459,17.500264
"1467",0.638617,0.174726,13.185888
"1468",0.696732,0.159733,9.561624
"1469",0.677554,0.158532,12.780651
"1470",0.755336,0.156748,18.536939
"1471",0.837742,0.147563,17.048092
"1472",0.788783,0.149575,1.386416
"1473",0.695905,0.145532,19.647741
"1474",0.705582,0.160107,12.195275
"1475",0.634628,0.149697,16.619048
"1476",0.983273,0.145888,4.831916
"1477",0.787355,0.145448,6.873067
"1478",0.975803,0.13735,18.050475
"1479",0.830572,0.144618,15.090813
"1480",0.972432,0.145681,14.873296
"1481",0.833824,0.146298,16.313081
"1482",0.898646,0.149122,16.53312
"1483",0.878682,0.153929,9.700087
"1484",0.848723,0.147841,17.211116
"1485",0.990013,0.146187,1.301819
"1486",0.846343,0.138039,17.267515
"1487",0.685852,0.134561,22.079262
"1488",0.942497,0.149844,14.460643
"1489",0.92866,0.137086,16.936693
"1490",0.901835,0.144685,19.628381
"1491",0.915544,0.14086,17.520606
"1492",0.925522,0.144257,19.308045
"1493",0.972992,0.140864,12.260123
"1494",0.641326,0.153051,21.871982
"1495",0.928152,0.14823,18.551277
"1496",0.881408,0.148585,17.690005
"1497",0.889939,0.139097,20.151026
"1498",0.960331,0.154292,4.071368
"1499",0.92822,0.145909,17.143994
"1500",0.918438,0.14794,10.058911
"1501",0.744143,0.1447,20.41788
"1502",0.728842,0.1348,18.477483
"1503",0.818516,0.143667,11.247621
"1504",0.888882,0.15911,1.793678
"1505",0.711482,0.147982,21.912681
"1506",0.96339,0.152353,12.310356
"1507",0.981847,0.153312,14.929377
"1508",0.684915,0.148432,20.088303
"1509",0.695343,0.150224,11.140985
"1510",0.859991,0.158347,16.832831
"1511",0.823196,0.150125,18.087679
"1512",0.973241,0.141301,3.85388
"1513",0.959139,0.149469,18.485422
"1514",0.827603,0.145384,19.368826
"1515",0.877882,0.142343,19.957031
"1516",0.72854,0.14913,6.841791
"1517",0.607792,0.152073,19.630036
"1518",0.79906,0.147441,15.091035
"1519",0.703779,0.145512,21.937305
"1520",0.856986,0.154327,11.160941
"1521",0.841584,0.145627,18.958135
"1522",0.97932,0.147798,10.504581
"1523",0.923634,0.156566,7.162013
"1524",0.944812,0.156591,4.988794
"1525",0.898925,0.15154,16.756923
"1526",0.915453,0.145904,14.044859
"1527",0.925205,0.14553,11.170908
"1528",0.830433,0.150397,18.78163
"1529",0.826775,0.13958,18.49355
"1530",0.838197,0.154494,4.212553
"1531",0.739525,0.151161,18.395749
"1532",0.618552,0.174826,11.249086
"1533",0.84472,0.143078,19.129193
"1534",0.946086,0.158468,13.050623
"1535",0.694724,0.145715,19.166894
"1536",0.756494,0.156761,6.008109
"1537",0.679893,0.138154,22.482745
"1538",0.674724,0.145922,9.064087
"1539",0.867881,0.155273,7.127205
"1540",0.715001,0.151519,18.415509
"1541",0.668209,0.156948,14.282245
"1542",0.614842,0.175492,30.692873
"1543",0.626569,0.163674,17.783142
"1544",0.823454,0.151878,15.00376
"1545",0.827679,0.147629,16.610503
"1546",0.657826,0.135824,25.420702
"1547",0.776364,0.147117,-0.942172
"1548",0.609429,0.155056,16.602392
"1549",0.705042,0.150039,2.285788
"1550",0.657821,0.153124,17.813766
"1551",0.950997,0.152294,0.217544
"1552",0.651575,0.150015,15.173701
"1553",0.667555,0.159463,15.760832
"1554",0.677518,0.139111,20.734315
"1555",0.681474,0.152198,16.249813
"1556",0.63512,0.146958,23.246836
"1557",0.664853,0.144061,18.427993
"1558",0.847824,0.150666,22.888228
"1559",0.863826,0.156323,9.449
"1560",0.697942,0.170211,1.702766
"1561",0.818832,0.146783,17.12644
"1562",0.694725,0.147628,6.35432
"1563",0.902499,0.154195,11.51346
"1564",0.617253,0.159422,11.035955
"1565",0.903165,0.143281,18.456823
"1566",0.92195,0.143122,15.999836
"1567",0.601186,0.151032,21.840803
"1568",0.59008,0.156124,24.187073
"1569",0.707275,0.157006,4.95889
"1570",0.730999,0.132407,21.494344
"1571",0.594413,0.142505,22.785949
"1572",0.602153,0.144164,18.724936
"1573",0.862665,0.149548,15.018292
"1574",0.773916,0.155109,15.625096
"1575",0.660468,0.14956,25.75998
"1576",0.855143,0.154108,0.340062
"1577",0.923883,0.15487,12.05439
"1578",0.813831,0.150822,15.922403
"1579",0.79993,0.142737,20.899933
"1580",0.94472,0.16081,16.689595
"1581",0.963515,0.156509,8.602003
"1582",0.535354,0.146242,21.916379
"1583",0.840323,0.145183,10.186003
"1584",0.96224,0.142708,0.543364
"1585",0.64122,0.15371,4.849776
"1586",0.773684,0.153287,14.968733
"1587",0.880377,0.136576,20.927309
"1588",0.977376,0.153872,2.152613
"1589",0.741536,0.168051,2.569906
"1590",0.670088,0.14518,14.284122
"1591",0.840989,0.161479,2.952966
"1592",0.941154,0.153187,13.328279
"1593",0.780464,0.145193,18.024985
"1594",0.726208,0.151255,14.406144
"1595",0.660944,0.146343,16.061425
"1596",0.628881,0.15401,8.860086
"1597",0.944816,0.135954,19.214349
"1598",0.61316,0.1381,15.008851
"1599",0.863346,0.148398,1.958201
"1600",0.970375,0.137571,14.490752
"1601",0.916629,0.136172,17.031588
"1602",0.880547,0.136525,18.124806
"1603",0.992708,0.144405,-0.78005
"1604",0.632175,0.152281,18.970958
"1605",0.545416,0.151366,22.180242
"1606",0.677897,0.140108,22.815305
"1607",0.887789,0.135614,22.59392
"1608",0.603174,0.186536,28.052279
"1609",0.681658,0.150332,1.58527
"1610",0.801718,0.141442,12.708436
"1611",0.917885,0.149638,16.215699
"1612",0.721489,0.143659,19.052746
"1613",0.658392,0.151751,9.697563
"1614",0.686771,0.173793,0.785332
"1615",0.715101,0.160035,13.415943
"1616",0.991,0.152345,13.087418
"1617",0.844279,0.153614,15.545044
"1618",0.916103,0.146172,16.890022
"1619",0.764877,0.150338,13.484567
"1620",0.644088,0.128519,26.355083
"1621",0.980193,0.151297,19.418269
"1622",0.575009,0.14542,16.372929
"1623",0.679845,0.15494,21.141063
"1624",0.982158,0.167523,11.12065
"1625",0.703598,0.158204,8.805017
"1626",0.715183,0.149961,18.743209
"1627",0.836941,0.15146,0.658229
"1628",0.71314,0.151268,11.802398
"1629",0.912553,0.151086,6.156295
"1630",0.925586,0.146004,23.262609
"1631",0.918343,0.134022,17.476306
"1632",0.972519,0.132971,-0.927667
"1633",0.815181,0.129412,23.661939
"1634",0.851113,0.142394,11.928087
"1635",0.969426,0.157874,4.644794
"1636",0.950944,0.146673,12.896792
"1637",0.881108,0.159176,14.044933
"1638",0.664202,0.147984,18.354393
"1639",0.966323,0.155065,4.672896
"1640",0.913024,0.141471,17.280365
"1641",0.915208,0.156437,9.057072
"1642",0.769225,0.157377,7.165015
"1643",0.936597,0.146779,3.048299
"1644",0.89507,0.159863,4.511128
"1645",0.976716,0.144687,3.865827
"1646",0.626809,0.15698,10.186801
"1647",0.497428,0.145238,19.12365
"1648",0.595459,0.151592,21.986174
"1649",0.787779,0.135787,21.757221
"1650",0.842961,0.152819,3.202262
"1651",0.829919,0.145972,19.528706
"1652",0.729159,0.139356,20.523591
"1653",0.650712,0.141931,24.038519
"1654",0.87144,0.142118,1.050584
"1655",0.846343,0.133598,21.368111
"1656",0.921824,0.159273,5.134357
"1657",0.548392,0.155823,23.142716
"1658",0.5794,0.140105,19.762119
"1659",0.968258,0.153298,10.934052
"1660",0.75313,0.164827,11.955327
"1661",0.721858,0.155801,18.367409
"1662",0.574985,0.153932,6.667844
"1663",0.65661,0.146741,17.760604
"1664",0.844162,0.162774,12.258124
"1665",0.663711,0.142299,22.391199
"1666",0.704226,0.155752,8.110092
"1667",0.43291,0.151464,18.822155
"1668",0.699744,0.15763,18.614445
"1669",0.958449,0.146964,13.273458
"1670",0.752953,0.164112,21.624524
"1671",0.789158,0.160993,16.218439
"1672",0.776872,0.146813,16.926023
"1673",0.838723,0.153885,9.770869
"1674",0.731834,0.154734,18.400991
"1675",0.969804,0.155608,15.373061
"1676",0.850182,0.152122,8.46379
"1677",0.933243,0.156389,8.064207
"1678",0.945096,0.155263,5.123774
"1679",0.821135,0.148372,16.583502
"1680",0.90824,0.159196,3.262071
"1681",0.935935,0.15555,13.133803
"1682",0.978584,0.134917,19.405911
"1683",0.291814,0.153531,16.697266
"1684",0.844785,0.149338,12.974362
"1685",0.858924,0.151819,-0.493023
"1686",0.678921,0.147027,20.28555
"1687",0.689282,0.159343,6.554734
"1688",0.573666,0.141724,17.364654
"1689",0.689217,0.14676,7.416606
"1690",0.93898,0.158192,15.138695
"1691",0.725183,0.154753,17.346825
"1692",0.897871,0.158559,15.977785
"1693",0.821713,0.152438,13.844241
"1694",0.985197,0.15861,2.979515
"1695",0.933427,0.160516,5.194396
"1696",0.848428,0.150277,0.713711
"1697",0.99816,0.156734,7.672823
"1698",0.861386,0.148537,18.736794
"1699",0.709162,0.153761,19.296966
"1700",0.861981,0.147529,18.589031
"1701",0.848656,0.154336,17.109663
"1702",0.619254,0.150578,21.004733
"1703",0.892518,0.146718,19.76174
"1704",0.961854,0.144163,9.691318
"1705",0.941392,0.149851,16.314394
"1706",0.956918,0.145458,5.967529
"1707",0.922682,0.146541,16.500697
"1708",0.970466,0.149217,3.996437
"1709",0.922581,0.138277,17.806863
"1710",0.97471,0.14601,14.902447
"1711",0.948435,0.142981,15.882406
"1712",0.941497,0.148078,2.023841
"1713",0.954283,0.153023,9.435373
"1714",0.904481,0.142914,19.068336
"1715",0.865005,0.147364,-2.630813
"1716",0.846529,0.142936,19.195729
"1717",0.869651,0.151559,15.36618
"1718",0.93874,0.147926,-1.831074
"1719",0.867669,0.135506,17.012773
"1720",0.75847,0.150648,14.841876
"1721",0.898639,0.143761,-2.928217
"1722",0.66339,0.153088,5.067979
"1723",0.649292,0.145221,-3.566899
"1724",0.663625,0.155187,9.540091
"1725",0.79792,0.139553,19.30241
"1726",0.576452,0.150036,20.56295
"1727",0.557045,0.15827,20.407194
"1728",0.831636,0.162096,21.987893
"1729",0.946671,0.146146,12.604634
"1730",0.951537,0.145899,-0.196631
"1731",0.774282,0.166244,5.606984
"1732",0.82951,0.146153,20.015819
"1733",0.606816,0.147584,19.467873
"1734",0.731458,0.153246,17.22498
"1735",0.942133,0.150987,11.665629
"1736",0.707083,0.164073,12.41681
"1737",0.9831,0.146855,13.978735
"1738",0.970961,0.148026,3.911542
"1739",0.781224,0.139153,-0.700159
"1740",0.631842,0.161216,11.927504
"1741",0.723102,0.150962,13.630615
"1742",0.979417,0.148281,8.30518
"1743",0.936035,0.154006,3.395549
"1744",0.724809,0.147581,14.875967
"1745",0.930592,0.147352,16.100761
"1746",0.894796,0.144277,7.414487
"1747",0.841571,0.146761,20.460428
"1748",0.965011,0.145966,10.736846
"1749",0.889268,0.138715,22.368945
"1750",0.937878,0.145952,12.20047
"1751",0.96792,0.152215,0.630031
"1752",0.952007,0.14177,16.599069
"1753",0.944238,0.14709,5.912673
"1754",0.645807,0.150754,17.92982
"1755",0.545146,0.160309,16.489392
"1756",0.939536,0.146741,6.234129
"1757",0.964775,0.144247,19.324381
"1758",0.932107,0.14761,4.766068
"1759",0.906203,0.140619,17.132253
"1760",0.70938,0.143533,18.108247
"1761",0.866638,0.144166,21.16542
"1762",0.839514,0.142953,16.05107
"1763",0.86676,0.141005,3.894969
"1764",0.971191,0.138999,18.481187
"1765",0.967288,0.150181,10.864273
"1766",0.695731,0.133084,22.57251
"1767",0.873556,0.141525,18.745292
"1768",0.68167,0.13685,20.193859
"1769",0.694277,0.150921,17.241238
"1770",0.712452,0.148823,20.741763
"1771",0.880308,0.145103,18.926874
"1772",0.794185,0.130066,17.788287
"1773",0.644931,0.155497,6.839343
"1774",0.900092,0.14861,15.809283
"1775",0.692028,0.156065,14.336824
"1776",0.57496,0.150195,21.90127
"1777",0.726363,0.149993,19.184227
"1778",0.932421,0.144972,18.046101
"1779",0.71922,0.15461,20.871318
"1780",0.689048,0.154394,17.426249
"1781",0.66546,0.156959,15.67523
"1782",0.704582,0.153554,16.892925
"1783",0.848177,0.13483,2.640228
"1784",0.966913,0.160936,9.646312
"1785",0.915434,0.161031,14.200982
"1786",0.787992,0.166057,14.564259
"1787",0.935566,0.155146,13.140186
"1788",0.844029,0.161105,12.786647
"1789",0.648945,0.151558,12.329801
"1790",0.689151,0.150977,16.846759
"1791",0.641863,0.160832,18.502141
"1792",0.974901,0.163434,6.404751
"1793",0.556634,0.148357,18.974841
"1794",0.912122,0.149936,14.246985
"1795",0.805221,0.153708,9.756144
"1796",0.634617,0.164808,13.981339
"1797",0.682987,0.162029,13.741627
"1798",0.929818,0.156354,12.744807
"1799",0.913589,0.137234,17.129988
"1800",0.924623,0.135264,21.07335
"1801",0.907511,0.146923,13.218547
"1802",0.705934,0.152228,15.316831
"1803",0.661471,0.159332,18.105877
"1804",0.708293,0.151862,10.367131
"1805",0.757137,0.159798,11.626041
"1806",0.902663,0.143376,5.148737
"1807",0.746375,0.146818,20.352647
"1808",0.971991,0.144838,8.592371
"1809",0.972015,0.139774,14.122551
"1810",0.774829,0.157349,9.42382
"1811",0.811706,0.148511,16.603548
"1812",0.64879,0.15677,6.734839
"1813",0.921643,0.149352,5.635053
"1814",0.974535,0.155828,8.653166
"1815",0.99121,0.158713,11.994466
"1816",0.862282,0.149548,15.068903
"1817",0.758502,0.153524,19.449446
"1818",0.860503,0.137047,21.48328
"1819",0.953645,0.151481,12.863126
"1820",0.98236,0.155217,8.553376
"1821",0.775395,0.143795,19.027488
"1822",0.989612,0.151771,8.005046
"1823",0.866417,0.152422,19.334438
"1824",0.756603,0.135254,20.809993
"1825",0.843873,0.148779,14.964023
"1826",0.948016,0.154249,12.748589
"1827",0.871013,0.148654,15.728874
"1828",0.984243,0.145562,15.095029
"1829",0.944752,0.144241,1.288165
"1830",0.972345,0.156246,8.005426
"1831",0.993272,0.146802,12.894345
"1832",0.864569,0.148726,12.909109
"1833",0.7031,0.157942,16.065157
"1834",0.941093,0.152598,10.66635
"1835",0.972852,0.144696,15.348293
"1836",0.872832,0.145437,17.265159
"1837",0.990208,0.158296,9.125887
"1838",0.95252,0.154063,14.195717
"1839",0.967299,0.145004,16.055616
"1840",0.960704,0.148013,10.982587
"1841",0.784076,0.148295,15.189962
"1842",0.609579,0.142533,20.73916
"1843",0.85334,0.145325,19.86636
"1844",0.680075,0.153813,5.842029
"1845",0.751493,0.153275,18.944348
"1846",0.658526,0.143131,21.494828
"1847",0.836359,0.144081,19.037352
"1848",0.960594,0.151211,12.871173
"1849",0.829053,0.14516,18.604337
"1850",0.952345,0.152355,11.534239
"1851",0.953547,0.154787,15.63661
"1852",0.889268,0.158336,17.947542
"1853",0.927138,0.161766,10.451724
"1854",0.867557,0.140865,18.026238
"1855",0.869429,0.152097,15.030181
"1856",0.754845,0.159102,8.335302
"1857",0.815061,0.15134,16.967787
"1858",0.753497,0.150967,20.634028
"1859",0.958712,0.15655,13.408327
"1860",0.623801,0.151192,20.533085
"1861",0.887186,0.154103,17.726293
"1862",0.899976,0.146194,16.459972
"1863",0.920243,0.158348,10.541924
"1864",0.971839,0.155995,8.34009
"1865",0.958166,0.143046,17.270949
"1866",0.841191,0.140018,17.865465
"1867",0.745766,0.149846,19.83751
"1868",0.928547,0.153833,15.661807
"1869",0.964746,0.152955,9.231511
"1870",0.988034,0.149934,3.276148
"1871",0.962701,0.138115,14.945141
"1872",0.945327,0.14311,19.553057
"1873",0.763589,0.134872,18.992385
"1874",0.963526,0.147876,14.957796
"1875",0.991705,0.153012,1.736974
"1876",0.966693,0.146191,8.287366
"1877",0.9947,0.154362,5.682244
"1878",0.946316,0.148118,16.34893
"1879",0.837092,0.13711,20.660276
"1880",0.955231,0.144047,3.3288
"1881",0.907155,0.148437,16.300471
"1882",0.839504,0.1491,18.831725
"1883",0.761048,0.143083,22.329765
"1884",0.979681,0.154899,3.817563
"1885",0.806427,0.146053,18.842778
"1886",0.908227,0.149189,17.39798
"1887",0.980916,0.151771,3.102714
"1888",0.94318,0.145329,17.159192
"1889",0.868257,0.13604,21.212547
"1890",0.878531,0.138943,18.861042
"1891",0.586156,0.155989,15.922962
"1892",0.975561,0.150012,2.100778
"1893",0.704173,0.15306,6.754867
"1894",0.820839,0.1439,15.706388
"1895",0.937512,0.157392,5.627395
"1896",0.618967,0.152558,13.702729
"1897",0.876843,0.144335,7.246808
"1898",0.836291,0.134409,21.872149
"1899",0.823754,0.149983,13.998614
"1900",0.907005,0.148753,10.958927
"1901",0.874908,0.138883,20.584612
"1902",0.949081,0.144244,14.39697
"1903",0.726715,0.13605,20.560339
"1904",0.784082,0.154392,5.529011
"1905",0.860262,0.156397,15.471775
"1906",0.760495,0.147617,20.256478
"1907",0.996337,0.146268,2.14164
"1908",0.852677,0.148068,16.318218
"1909",0.813991,0.135523,23.847762
"1910",0.646552,0.142914,20.428858
"1911",0.969052,0.142232,22.249324
"1912",0.854336,0.138511,21.79103
"1913",0.978498,0.140839,9.335254
"1914",0.894493,0.149268,18.135794
"1915",0.818205,0.145524,19.142084
"1916",0.736597,0.160423,10.009653
"1917",0.890574,0.1685,12.877204
"1918",0.931276,0.159728,8.52323
"1919",0.9955,0.148596,0.185406
"1920",0.883488,0.142066,15.076471
"1921",0.896171,0.141432,21.639456
"1922",0.818455,0.13639,20.66249
"1923",0.974677,0.149746,9.494986
"1924",0.907819,0.144107,2.653009
"1925",0.965599,0.139844,16.666648
"1926",0.938139,0.143043,1.547345
"1927",0.991535,0.143844,11.26755
"1928",0.609638,0.156426,8.333373
"1929",0.982925,0.143074,6.47132
"1930",0.769617,0.148657,8.403684
"1931",0.87595,0.158319,8.542576
"1932",0.589034,0.140301,20.108467
"1933",0.802072,0.158857,8.720309
"1934",0.821876,0.145118,13.729416
"1935",0.725723,0.159764,17.805946
"1936",0.968213,0.156268,8.735825
"1937",0.860671,0.143211,19.678446
"1938",0.845494,0.163358,14.033352
"1939",0.875949,0.16464,3.618947
"1940",0.836254,0.156254,15.934751
"1941",0.921568,0.156867,5.249552
"1942",0.900261,0.151368,3.198589
"1943",0.934894,0.138972,19.650572
"1944",0.791971,0.150022,19.200783
"1945",0.639256,0.144,18.541796
"1946",0.98418,0.151097,2.702905
"1947",0.898859,0.151547,14.62123
"1948",0.963698,0.145343,17.013642
"1949",0.827456,0.142911,20.774049
"1950",0.983939,0.14321,-2.38205
"1951",0.82034,0.134623,22.328266
"1952",0.965484,0.144486,-1.640906
"1953",0.644687,0.154653,14.099037
"1954",0.932346,0.137745,11.058275
"1955",0.671967,0.144379,21.991308
"1956",0.734001,0.139419,15.544002
"1957",0.873385,0.149125,0.301667
"1958",0.938544,0.131484,20.675598
"1959",0.932369,0.157858,7.870485
"1960",0.575996,0.154487,20.535659
"1961",0.957905,0.157183,2.362637
"1962",0.732319,0.15833,10.407504
"1963",0.666576,0.157026,19.421839
"1964",0.928021,0.148385,18.274142
"1965",0.905608,0.149626,14.347547
"1966",0.885703,0.150001,10.832999
"1967",0.908217,0.138279,21.543241
"1968",0.730097,0.147762,19.534776
"1969",0.935064,0.13824,20.015979
"1970",0.910196,0.147168,15.686861
"1971",0.695935,0.135448,20.751597
"1972",0.902853,0.146338,18.82441
"1973",0.883953,0.134058,20.655052
"1974",0.99003,0.143721,-1.564038
"1975",0.987125,0.151435,2.319498
"1976",0.921508,0.143345,12.683477
"1977",0.90844,0.137099,17.224668
"1978",0.982104,0.146995,3.914298
"1979",0.573865,0.164179,16.683629
"1980",0.768813,0.148007,-0.122542
"1981",0.678658,0.143665,14.486013
"1982",0.904582,0.138158,19.394084
"1983",0.906614,0.14723,3.262477
"1984",0.640675,0.155059,5.212363
"1985",0.918882,0.148663,15.957282
"1986",0.941879,0.151248,9.266901
"1987",0.781796,0.163057,8.85919
"1988",0.843215,0.160476,13.581391
"1989",0.878703,0.138639,21.235799
"1990",0.658612,0.175344,15.093137
"1991",0.722979,0.164772,9.060864
"1992",0.590454,0.164359,21.1563
"1993",0.908784,0.156251,-0.019165
"1994",0.586376,0.154623,19.570645
"1995",0.731618,0.155872,1.983587
"1996",0.798276,0.156036,17.89286
"1997",0.885646,0.146268,16.249325
"1998",0.647088,0.166409,2.987055
"1999",0.955334,0.161797,5.256213
"2000",0.86012,0.146272,15.459144
"2001",0.829978,0.154921,13.00109
"2002",0.987209,0.149637,12.878389
"2003",0.713454,0.152942,7.287198
"2004",0.860553,0.158104,-0.90578
"2005",0.856513,0.144389,18.974162
"2006",0.776615,0.150147,17.965061
"2007",0.979207,0.158915,12.746299
"2008",0.695895,0.166341,12.286349
"2009",0.816364,0.143845,7.614049
"2010",0.734123,0.154165,20.702056
"2011",0.648734,0.148906,23.39881
"2012",0.613748,0.153187,7.798737
"2013",0.768105,0.151619,15.644676
"2014",0.83641,0.148236,16.357434
"2015",0.704639,0.139134,19.158039
"2016",0.892119,0.159169,13.533478
"2017",0.730364,0.145685,5.969747
"2018",0.631704,0.135505,27.371481
"2019",0.915598,0.147347,8.086084
"2020",0.923265,0.145254,-0.239659
"2021",0.914677,0.152147,12.591079
"2022",0.751546,0.137504,21.770776
"2023",0.783865,0.142796,5.610066
"2024",0.748477,0.156643,14.829957
"2025",0.944077,0.141916,21.221144
"2026",0.942359,0.154702,14.282188
"2027",0.672693,0.146834,19.75682
"2028",0.616256,0.164505,-0.543485
"2029",0.650807,0.15448,8.375026
"2030",0.921551,0.148914,20.527316
"2031",0.787398,0.149195,11.430742
"2032",0.619241,0.171352,23.475332
"2033",0.744633,0.143204,16.429861
"2034",0.621413,0.1608,8.838723
"2035",0.615127,0.155551,17.749162
"2036",0.694532,0.150281,11.545828
"2037",0.733601,0.153797,4.510985
"2038",0.68135,0.148955,-2.356612
"2039",0.594314,0.166252,23.762554
"2040",0.678131,0.136224,17.503679
"2041",0.627313,0.165014,13.434014
"2042",0.817975,0.148009,1.117691
"2043",0.745917,0.144805,6.610952
"2044",0.840347,0.163131,13.741824
"2045",0.582308,0.145116,25.252578
"2046",0.727963,0.169751,14.728365
"2047",0.746361,0.142774,14.488509
"2048",0.639623,0.152545,20.780508
"2049",0.609961,0.161467,13.00272
"2050",0.633944,0.153527,-6.204563
"2051",0.950712,0.145924,16.282507
"2052",0.635745,0.123949,30.183761
"2053",0.827767,0.150342,13.586855
"2054",0.665271,0.151714,17.757922
"2055",0.818275,0.15711,-2.200035
"2056",0.732764,0.160547,9.495938
"2057",0.672881,0.154259,14.551423
"2058",0.654114,0.149044,21.031349
"2059",0.963099,0.149835,15.721728
"2060",0.787522,0.159254,7.325038
"2061",0.63101,0.158837,16.965389
"2062",0.715344,0.138509,22.85795
"2063",0.728329,0.167975,13.530591
"2064",0.663282,0.164836,7.89599
"2065",0.594123,0.145217,14.466999
"2066",0.677834,0.157794,17.583777
"2067",0.864988,0.134267,24.344593
"2068",0.708536,0.148235,20.420546
"2069",0.79322,0.148884,13.25574
"2070",0.657832,0.165382,11.754271
"2071",0.63254,0.143938,19.656474
"2072",0.577828,0.16001,25.804388
"2073",0.7462,0.153569,14.636326
"2074",0.797021,0.169759,17.621272
"2075",0.706555,0.165785,2.764024
"2076",0.902024,0.156893,10.864836
"2077",0.903898,0.163294,12.776888
"2078",0.578745,0.162351,14.434381
"2079",0.752904,0.13995,20.425935
"2080",0.567396,0.166333,14.358994
"2081",0.814563,0.14662,7.843963
"2082",0.703227,0.142485,12.018661
"2083",0.653942,0.155896,13.59882
"2084",0.756967,0.133708,19.129562
"2085",0.807575,0.156242,18.179987
"2086",0.935599,0.145954,20.520484
"2087",0.659377,0.151804,4.746982
"2088",0.992575,0.136492,13.430125
"2089",0.913052,0.143436,14.321292
"2090",0.975927,0.154596,12.989854
"2091",0.671855,0.156646,17.699676
"2092",0.791844,0.151383,19.395078
"2093",0.809468,0.128497,20.924235
"2094",0.852938,0.141641,19.3975
"2095",0.711806,0.160775,14.363691
"2096",0.953501,0.143282,5.838884
"2097",0.601411,0.175239,27.179183
"2098",0.988287,0.142077,11.282671
"2099",0.945299,0.133521,20.339061
"2100",0.935927,0.145432,19.214592
"2101",0.620038,0.158454,15.913096
"2102",0.795931,0.157815,13.452189
"2103",0.619725,0.15095,19.284332
"2104",0.669728,0.172505,21.492255
"2105",0.548526,0.175014,5.525601
"2106",0.785534,0.162072,5.966117
"2107",0.569716,0.150929,20.496141
"2108",0.668979,0.169235,1.18414
"2109",0.633603,0.151451,17.312387
"2110",0.709083,0.156797,9.118941
"2111",0.707677,0.163106,12.422973
"2112",0.641899,0.150617,10.913978
"2113",0.651216,0.157112,8.975444
"2114",0.638245,0.16011,12.35046
"2115",0.609249,0.158587,16.791162
"2116",0.898447,0.144108,14.304701
"2117",0.684139,0.139694,22.252858
"2118",0.589234,0.145989,21.123198
"2119",0.718906,0.144805,-1.802884
"2120",0.880582,0.147602,7.13482
"2121",0.931539,0.160209,0.140198
"2122",0.74534,0.14738,17.257116
"2123",0.702384,0.196375,-3.700013
"2124",0.587574,0.173893,28.001469
"2125",0.683172,0.149994,21.693268
"2126",0.954275,0.152307,3.62182
"2127",0.765443,0.152141,16.225293
"2128",0.93513,0.160246,15.332954
"2129",0.974794,0.142584,3.57274
"2130",0.642998,0.134242,22.103964
"2131",0.75934,0.157158,13.6259
"2132",0.953833,0.144293,12.805903
"2133",0.665637,0.15581,16.08718
"2134",0.6537,0.158908,15.959431
"2135",0.636186,0.16638,11.592449
"2136",0.646078,0.154349,19.373336
"2137",0.919191,0.15867,7.658624
"2138",0.844811,0.160085,8.943588
"2139",0.568135,0.148944,15.695911
"2140",0.712614,0.156715,15.32066
"2141",0.911203,0.161928,15.474429
"2142",0.926429,0.148614,10.976882
"2143",0.676975,0.150073,19.210736
"2144",0.656504,0.154353,22.051699
"2145",0.755572,0.141357,21.189256
"2146",0.966022,0.158164,9.646713
"2147",0.743802,0.151571,19.431876
"2148",0.691337,0.143027,19.192617
"2149",0.613058,0.155097,17.500651
"2150",0.965088,0.147017,3.156475
"2151",0.844691,0.148353,15.299105
"2152",0.581937,0.148302,20.368795
"2153",0.994041,0.15679,4.172775
"2154",0.918463,0.160349,5.849947
"2155",0.835767,0.148627,21.852233
"2156",0.766481,0.15351,17.558377
"2157",0.963836,0.164403,10.360399
"2158",0.936933,0.147907,18.054819
"2159",0.719197,0.146844,21.243451
"2160",0.772887,0.145537,16.957789
"2161",0.947617,0.157302,0.533918
"2162",0.921084,0.153829,15.237802
"2163",0.92448,0.151688,9.807651
"2164",0.733269,0.139092,23.383777
"2165",0.970964,0.150783,6.107277
"2166",0.884442,0.15769,15.212605
"2167",0.891302,0.131888,22.935117
"2168",0.848029,0.143895,15.408961
"2169",0.857337,0.147302,14.915941
"2170",0.898593,0.152994,10.286972
"2171",0.866738,0.136015,22.030984
"2172",0.700935,0.155837,16.804213
"2173",0.768432,0.153268,15.428268
"2174",0.701811,0.154834,19.110827
"2175",0.832581,0.152142,19.00076
"2176",0.856286,0.146847,15.73533
"2177",0.940452,0.141181,17.556348
"2178",0.873142,0.135993,20.708239
"2179",0.58033,0.148437,22.358578
"2180",0.669064,0.131208,27.057562
"2181",0.926229,0.147993,16.85435
"2182",0.646108,0.148958,17.788448
"2183",0.889939,0.150956,2.589752
"2184",0.906617,0.150861,20.414183
"2185",0.758156,0.148429,17.715545
"2186",0.85255,0.134695,21.127436
"2187",0.635018,0.157147,12.237548
"2188",0.624893,0.150248,23.903131
"2189",0.405623,0.152033,19.39678
"2190",0.613512,0.148027,17.470901
"2191",0.881835,0.144169,15.981081
"2192",0.646702,0.165057,15.736641
"2193",0.907332,0.14516,17.817079
"2194",0.59739,0.148543,29.208809
"2195",0.696814,0.156821,10.088496
"2196",0.670705,0.141204,16.599405
"2197",0.883609,0.163309,5.592234
"2198",0.995464,0.143493,7.717149
"2199",0.861686,0.157426,12.91333
"2200",0.749198,0.162281,2.666538
"2201",0.631216,0.153337,18.750105
"2202",0.687917,0.155626,21.024988
"2203",0.702131,0.136692,23.559295
"2204",0.843695,0.144801,6.668585
"2205",0.864961,0.151496,4.282685
"2206",0.706933,0.143465,22.604046
"2207",0.638674,0.159006,10.348311
"2208",0.810263,0.149923,21.53407
"2209",0.868732,0.155486,6.605479
"2210",0.767889,0.155135,11.466383
"2211",0.636385,0.162551,16.12858
"2212",0.639136,0.152805,1.785793
"2213",0.743458,0.146112,17.665688
"2214",0.926454,0.144897,11.634659
"2215",0.879597,0.143577,19.04527
"2216",0.922881,0.150323,17.419327
"2217",0.897614,0.139741,-3.065302
"2218",0.712852,0.157078,6.181755
"2219",0.610558,0.144438,23.830464
"2220",0.654528,0.130937,22.598199
"2221",0.826192,0.135866,14.554394
"2222",0.603462,0.15389,19.029849
"2223",0.751647,0.154124,20.838
"2224",0.735965,0.153717,19.525235
"2225",0.799081,0.166246,10.674823
"2226",0.771412,0.152928,2.050812
"2227",0.92081,0.147869,14.561337
"2228",0.836752,0.148459,17.393905
"2229",0.696469,0.169844,16.395634
"2230",0.839617,0.155663,3.073153
"2231",0.684609,0.140961,9.67322
"2232",0.735098,0.138291,17.063608
"2233",0.87645,0.14294,4.193178
"2234",0.785659,0.148643,14.297514
"2235",0.678611,0.167405,-4.697784
"2236",0.828947,0.144228,21.31374
"2237",0.944329,0.140428,19.467577
"2238",0.972744,0.14873,-0.073038
"2239",0.809851,0.193508,4.904232
"2240",0.944025,0.162871,19.56882
"2241",0.631647,0.164981,23.180706
"2242",0.644365,0.145697,-0.610752
"2243",0.576345,0.158839,-2.880661
"2244",0.613042,0.157352,20.911007
"2245",0.676646,0.15467,4.192723
"2246",0.650693,0.15061,17.39477
"2247",0.711885,0.168483,16.209047
"2248",0.657769,0.169846,6.037686
"2249",0.643747,0.154391,14.536822
"2250",0.943113,0.143597,13.351691
"2251",0.584559,0.152899,26.674254
"2252",0.660796,0.158464,14.249837
"2253",0.79454,0.149847,-1.470819
"2254",0.656675,0.140322,26.128307
"2255",0.638449,0.146645,-1.821475
"2256",0.696287,0.148031,11.051599
"2257",0.625,0.170459,22.860562
"2258",0.554556,0.169151,4.368368
"2259",0.571711,0.166168,11.090848
"2260",0.708166,0.151345,1.578424
"2261",0.67502,0.165356,13.407855
"2262",0.886421,0.14276,11.149306
"2263",0.77296,0.136423,9.228747
"2264",0.652926,0.161933,12.800457
"2265",0.718971,0.146615,2.004255
"2266",0.808239,0.137162,23.570567
"2267",0.940647,0.154849,12.081961
"2268",0.748186,0.158373,3.991648
"2269",0.733254,0.150616,8.142659
"2270",0.700401,0.148725,16.008379
"2271",0.972021,0.141713,12.015711
"2272",0.906238,0.157745,5.011173
"2273",0.99373,0.152906,12.155201
"2274",0.929114,0.158804,6.065224
"2275",0.660733,0.145681,22.808641
"2276",0.690229,0.156983,11.996519
"2277",0.732882,0.160089,16.156389
"2278",0.590163,0.159101,5.840833
"2279",0.769046,0.162494,5.774018
"2280",0.658969,0.164616,14.790345
"2281",0.64206,0.155716,10.363961
"2282",0.820317,0.149723,18.588498
"2283",0.628242,0.157198,17.423167
"2284",0.903666,0.141853,16.446832
"2285",0.806088,0.164141,18.027331
"2286",0.642456,0.156838,0.066681
"2287",0.697779,0.145629,9.021288
"2288",0.666498,0.152058,10.595886
"2289",0.646334,0.165312,10.837409
"2290",0.622125,0.154293,19.244694
"2291",0.535813,0.179791,12.536374
"2292",0.634097,0.163336,-0.312824
"2293",0.584307,0.149645,5.694405
"2294",0.718479,0.152276,20.302756
"2295",0.627514,0.171478,-11.398385
"2296",0.595106,0.141279,22.266362
"2297",0.622681,0.161717,8.959842
"2298",0.694413,0.160085,2.844594
"2299",0.70611,0.143156,14.936606
"2300",0.69682,0.18175,9.541452
